
#--------------------Calculate Mean mAP-----------------------#

Defined Metric
['Car AP_R40@0.70, 0.70, 0.70', 'Pedestrian AP_R40@0.50, 0.50, 0.50', 'Cyclist AP_R40@0.50, 0.50, 0.50']
Experiment(s)
['3dioumatch_cls_split_trial_layers_1_73e1839', '3dioumatch_cls_split_trial_layers_2_73e1839', '3dioumatch_cls_split_trial_layers_3_73e1839']
Evaluated Epochs[50, 52, 54, 56, 58, 60]
Scanning output/cfgs/kitti_models/pv_rcnn_ssl_60/3dioumatch_cls_split_trial_layers_1_73e1839/log_train_20230415-111158.txt for evaluated results

mAP(s)[[86.61 74.95 70.15 25.9  24.17 23.2  70.92 44.74 42.15]
 [86.66 75.19 70.38 20.1  17.74 17.01 72.48 45.42 42.89]
 [87.64 75.78 70.86 23.24 20.03 18.99 73.56 46.09 43.63]
 [87.77 76.07 71.19 23.38 19.82 19.16 73.88 46.23 43.74]
 [87.75 76.11 72.57 21.9  19.29 18.44 74.05 46.45 43.84]
 [87.75 76.14 72.55 22.67 19.75 18.74 72.85 46.33 43.71]]
Max mAP[87.77 76.14 72.57 25.9  24.17 23.2  74.05 46.45 43.84]
Scanning output/cfgs/kitti_models/pv_rcnn_ssl_60/3dioumatch_cls_split_trial_layers_2_73e1839/log_train_20230415-111158.txt for evaluated results

mAP(s)[[87.77 75.48 70.6  19.6  16.98 16.57 70.16 42.72 40.22]
 [86.37 75.07 70.35 23.36 20.22 19.6  70.74 45.1  41.15]
 [88.27 76.27 71.06 22.56 18.06 17.55 74.79 45.94 42.23]
 [88.39 76.43 71.35 24.09 19.8  19.04 73.05 45.72 42.01]
 [88.08 76.4  71.35 23.05 18.82 18.64 72.86 45.5  41.76]
 [88.21 76.38 71.36 22.11 18.25 17.64 72.58 44.29 41.68]]
Max mAP[88.39 76.43 71.36 24.09 20.22 19.6  74.79 45.94 42.23]
Scanning output/cfgs/kitti_models/pv_rcnn_ssl_60/3dioumatch_cls_split_trial_layers_3_73e1839/log_train_20230415-111142.txt for evaluated results

mAP(s)[[89.62 77.42 72.79 21.18 19.62 18.99 73.8  45.66 42.92]
 [89.21 76.19 71.21 23.7  22.28 21.09 74.39 46.53 43.65]
 [87.49 75.58 70.66 22.42 20.94 20.05 75.4  47.6  44.61]
 [89.22 76.39 72.9  22.29 20.07 19.57 74.58 47.67 43.86]
 [87.84 76.23 71.28 20.91 18.84 18.47 74.4  46.25 43.58]
 [87.72 76.13 71.22 20.34 18.42 17.66 75.48 47.32 43.51]]
Max mAP[89.62 77.42 72.9  23.7  22.28 21.09 75.48 47.67 44.61]

----------------Final Results----------------

Max mAP(s)
[[87.77 76.14 72.57 25.9  24.17 23.2  74.05 46.45 43.84]
 [88.39 76.43 71.36 24.09 20.22 19.6  74.79 45.94 42.23]
 [89.62 77.42 72.9  23.7  22.28 21.09 75.48 47.67 44.61]]
Mean mAP[88.59 76.66 72.27 24.56 22.23 21.3  74.77 46.69 43.56]