
#--------------------Calculate Mean mAP-----------------------#

Defined Metric
['Car AP_R40@0.70, 0.70, 0.70', 'Pedestrian AP_R40@0.50, 0.50, 0.50', 'Cyclist AP_R40@0.50, 0.50, 0.50']
Experiment(s)
['cls_split_retrial_1_386f9f7', 'cls_split_retrial_2_386f9f7', 'cls_split_retrial_4_386f9f7']
Evaluated Epochs[50, 52, 54, 56, 58, 60]
Scanning output/cfgs/kitti_models/pv_rcnn_ssl_60/cls_split_retrial_1_386f9f7/log_train_20230413-114557.txt for evaluated results

mAP(s)[[89.57 76.01 71.19 12.5  12.04 12.08 64.95 40.33 38.21]
 [89.32 76.07 72.5  12.77 12.6  12.01 66.09 41.49 39.21]
 [90.43 76.56 71.47 13.03 12.35 12.48 71.15 44.06 41.68]
 [89.79 76.47 71.49 13.81 13.16 12.89 67.81 43.76 40.5 ]
 [89.86 76.6  71.59 13.69 12.71 12.81 67.4  42.42 40.17]
 [89.91 76.62 71.62 12.92 12.15 12.12 68.1  42.95 40.58]]
Max mAP[90.43 76.62 72.5  13.81 13.16 12.89 71.15 44.06 41.68]
Scanning output/cfgs/kitti_models/pv_rcnn_ssl_60/cls_split_retrial_2_386f9f7/log_train_20230413-114557.txt for evaluated results

mAP(s)[[88.21 75.39 70.42 14.56 14.25 13.99 61.08 38.77 35.57]
 [88.61 76.42 71.36 16.22 15.32 15.46 63.99 41.21 38.86]
 [88.41 76.6  71.65 19.21 17.77 17.57 65.92 41.34 37.74]
 [88.16 76.65 71.78 18.79 17.69 17.26 65.07 40.48 38.16]
 [88.4  76.8  73.27 19.16 17.77 17.3  67.19 42.17 38.54]
 [88.5  76.86 73.29 18.6  17.49 16.94 66.73 42.06 38.39]]
Max mAP[88.61 76.86 73.29 19.21 17.77 17.57 67.19 42.17 38.86]
Scanning output/cfgs/kitti_models/pv_rcnn_ssl_60/cls_split_retrial_4_386f9f7/log_train_20230413-115505.txt for evaluated results

mAP(s)[[87.3  74.98 70.2  20.44 19.43 19.38 70.74 45.73 42.42]
 [89.84 76.33 71.45 17.05 16.34 15.76 70.86 45.6  43.08]
 [89.98 76.25 72.81 20.88 18.8  18.08 72.65 48.26 44.72]
 [88.66 76.75 73.12 21.28 19.07 18.91 74.87 48.96 45.42]
 [88.66 76.61 71.73 21.63 19.06 18.66 74.83 47.78 45.15]
 [88.69 76.82 73.25 21.38 18.94 18.47 73.14 47.46 44.93]]
Max mAP[89.98 76.82 73.25 21.63 19.43 19.38 74.87 48.96 45.42]

----------------Final Results----------------

Max mAP(s)
[[90.43 76.62 72.5  13.81 13.16 12.89 71.15 44.06 41.68]
 [88.61 76.86 73.29 19.21 17.77 17.57 67.19 42.17 38.86]
 [89.98 76.82 73.25 21.63 19.43 19.38 74.87 48.96 45.42]]
Mean mAP[89.67 76.77 73.01 18.21 16.79 16.62 71.07 45.07 41.99]