
#--------------------Calculate Mean mAP-----------------------#

Defined Metric
['Car AP_R40@0.70, 0.70, 0.70', 'Pedestrian AP_R40@0.50, 0.50, 0.50', 'Cyclist AP_R40@0.50, 0.50, 0.50']
Experiment(s)
['cls_split_trial_3_386f9f7', 'cls_split_trial_2_386f9f7']
Evaluated Epochs[50, 52, 54, 56, 58, 60]
Scanning output/cfgs/kitti_models/pv_rcnn_ssl_60/cls_split_trial_3_386f9f7/log_train_20230412-104543.txt for evaluated results

mAP(s)[[89.96 75.94 70.92 21.08 18.45 18.59 70.44 45.61 42.19]
 [88.1  75.75 70.82 19.8  18.24 17.61 72.04 45.59 41.85]
 [88.03 76.08 72.7  15.53 14.71 14.38 72.82 46.03 43.59]
 [87.74 75.93 71.12 17.9  16.37 15.97 73.62 45.46 43.04]
 [87.71 75.86 71.07 18.13 16.27 16.33 72.39 45.68 43.32]
 [87.77 75.96 71.13 18.08 16.11 16.22 72.36 45.5  43.09]]
Max mAP[89.96 76.08 72.7  21.08 18.45 18.59 73.62 46.03 43.59]
Scanning output/cfgs/kitti_models/pv_rcnn_ssl_60/cls_split_trial_2_386f9f7/log_train_20230412-104543.txt for evaluated results

mAP(s)[[87.57 75.66 71.17 12.96 13.28 13.21 68.07 42.33 38.77]
 [87.68 75.76 71.21 16.18 16.18 16.55 67.31 41.11 38.51]
 [87.96 76.06 71.36 13.79 13.92 13.69 68.02 42.77 40.25]
 [89.57 76.37 71.63 15.87 15.87 16.   67.25 42.79 40.45]
 [88.08 76.32 72.86 14.76 15.24 15.2  67.65 43.   40.67]
 [88.07 76.36 72.91 15.34 15.88 16.16 67.32 43.01 40.73]]
Max mAP[89.57 76.37 72.91 16.18 16.18 16.55 68.07 43.01 40.73]

----------------Final Results----------------

Max mAP(s)
[[89.96 76.08 72.7  21.08 18.45 18.59 73.62 46.03 43.59]
 [89.57 76.37 72.91 16.18 16.18 16.55 68.07 43.01 40.73]]
Mean mAP[89.76 76.23 72.8  18.63 17.32 17.57 70.84 44.52 42.16]