
#--------------------Calculate Mean mAP-----------------------#

Defined Metric
['Car AP_R40@0.70, 0.70, 0.70', 'Pedestrian AP_R40@0.50, 0.50, 0.50', 'Cyclist AP_R40@0.50, 0.50, 0.50']
Experiment(s)
['cls_split_trial_2_386f9f7']
Evaluated Epochs[50, 52, 54, 56, 58, 60]
Scanning output/cfgs/kitti_models/pv_rcnn_ssl_60/cls_split_trial_2_386f9f7/log_train_20230412-104543.txt for evaluated results

mAP(s)[[87.57 75.66 71.17 12.96 13.28 13.21 68.07 42.33 38.77]
 [87.68 75.76 71.21 16.18 16.18 16.55 67.31 41.11 38.51]
 [87.96 76.06 71.36 13.79 13.92 13.69 68.02 42.77 40.25]
 [89.57 76.37 71.63 15.87 15.87 16.   67.25 42.79 40.45]
 [88.08 76.32 72.86 14.76 15.24 15.2  67.65 43.   40.67]
 [88.07 76.36 72.91 15.34 15.88 16.16 67.32 43.01 40.73]]
Max mAP[89.57 76.37 72.91 16.18 16.18 16.55 68.07 43.01 40.73]

----------------Final Results----------------

Max mAP(s)
[[89.57 76.37 72.91 16.18 16.18 16.55 68.07 43.01 40.73]]
Mean mAP[89.57 76.37 72.91 16.18 16.18 16.55 68.07 43.01 40.73]