
#--------------------Calculate Mean mAP-----------------------#

Defined Metric
['Car AP_R40@0.70, 0.70, 0.70', 'Pedestrian AP_R40@0.50, 0.50, 0.50', 'Cyclist AP_R40@0.50, 0.50, 0.50']
Experiment(s)
['cos_supervision_cos_rev_uc_bg_vannila_trial_1_8d423a1', 'cos_supervision_cos_rev_uc_bg_vannila_trial_3_8d423a1', 'cos_supervision_cos_rev_uc_bg_vannila_trial_4_8d423a1']
Evaluated Epochs[50, 52, 54, 56, 58, 60]
Scanning output/cfgs/kitti_models/pv_rcnn_ssl_60/cos_supervision_cos_rev_uc_bg_vannila_trial_1_8d423a1/log_train_20230419-104342.txt for evaluated results

mAP(s)[[88.64 76.91 72.18 24.56 20.88 19.63 78.12 49.76 45.87]
 [89.6  76.69 71.99 29.64 26.01 24.13 78.07 49.29 46.61]
 [89.43 77.38 72.56 24.16 21.41 20.27 77.   50.03 46.31]
 [89.66 77.45 72.54 23.9  20.94 19.89 76.77 48.68 46.12]
 [89.62 77.59 72.64 23.66 20.72 19.67 76.83 48.8  46.18]
 [89.6  77.56 72.61 24.08 20.88 19.84 76.86 48.73 46.18]]
Max mAP[89.66 77.59 72.64 29.64 26.01 24.13 78.12 50.03 46.61]
Scanning output/cfgs/kitti_models/pv_rcnn_ssl_60/cos_supervision_cos_rev_uc_bg_vannila_trial_3_8d423a1/log_train_20230419-104339.txt for evaluated results

mAP(s)[[88.99 76.85 72.11 23.63 21.58 20.11 75.04 45.51 43.03]
 [91.31 77.21 72.41 25.64 22.67 21.06 73.45 45.62 43.22]
 [88.76 77.03 72.31 25.51 21.72 21.14 74.69 46.08 43.36]
 [88.52 76.79 72.1  25.12 22.46 21.09 74.   46.47 44.09]
 [88.84 76.78 72.12 25.02 22.4  21.05 74.29 47.98 44.25]
 [88.89 76.84 72.13 24.61 21.34 20.79 75.08 46.99 44.54]]
Max mAP[91.31 77.21 72.41 25.64 22.67 21.14 75.08 47.98 44.54]
Scanning output/cfgs/kitti_models/pv_rcnn_ssl_60/cos_supervision_cos_rev_uc_bg_vannila_trial_4_8d423a1/log_train_20230419-112208.txt for evaluated results

mAP(s)[[88.4  76.74 72.1  22.32 19.23 18.14 75.88 47.92 43.92]
 [88.89 77.2  72.6  27.54 24.21 22.76 74.64 46.81 44.44]
 [88.72 77.22 72.48 28.16 24.14 22.24 75.54 47.68 44.99]
 [89.31 77.36 72.53 23.36 20.81 19.65 78.7  50.04 46.12]
 [91.27 77.45 72.66 27.91 25.04 22.71 77.33 48.64 45.96]
 [89.33 77.5  72.71 27.12 24.35 22.1  77.2  48.48 45.9 ]]
Max mAP[91.27 77.5  72.71 28.16 25.04 22.76 78.7  50.04 46.12]

----------------Final Results----------------

Max mAP(s)
[[89.66 77.59 72.64 29.64 26.01 24.13 78.12 50.03 46.61]
 [91.31 77.21 72.41 25.64 22.67 21.14 75.08 47.98 44.54]
 [91.27 77.5  72.71 28.16 25.04 22.76 78.7  50.04 46.12]]
Mean mAP[90.74 77.43 72.59 27.81 24.58 22.67 77.3  49.35 45.76]