
#--------------------Calculate Mean mAP-----------------------#

Defined Metric
['Car AP_R40@0.70, 0.70, 0.70', 'Pedestrian AP_R40@0.50, 0.50, 0.50', 'Cyclist AP_R40@0.50, 0.50, 0.50']
Experiment(s)
['cos_supervision_cos-uc-bg_trial_1_5ba2b51', 'cos_supervision_cos-uc-bg_trial_2_5ba2b51', 'cos_supervision_cos-uc-bg_trial_3_5ba2b51']
Evaluated Epochs[50, 52, 54, 56, 58, 60]
Scanning output/cfgs/kitti_models/pv_rcnn_ssl_60/cos_supervision_cos-uc-bg_trial_1_5ba2b51/log_train_20230412-191725.txt for evaluated results

mAP(s)[[88.98 76.75 72.12 20.38 16.98 16.72 72.93 47.24 43.35]
 [88.9  76.84 72.16 22.15 19.9  19.33 76.64 47.78 44.96]
 [89.37 76.96 72.21 24.27 21.39 20.31 77.41 49.27 45.23]
 [88.93 76.95 72.22 24.5  20.72 20.   77.27 49.11 45.27]
 [89.18 77.22 72.48 24.02 21.5  20.09 76.83 48.89 45.06]
 [89.25 77.32 72.57 24.32 21.48 20.14 77.46 49.27 46.83]]
Max mAP[89.37 77.32 72.57 24.5  21.5  20.31 77.46 49.27 46.83]
Scanning output/cfgs/kitti_models/pv_rcnn_ssl_60/cos_supervision_cos-uc-bg_trial_2_5ba2b51/log_train_20230412-191903.txt for evaluated results

mAP(s)[[89.79 77.39 72.63 23.62 22.25 21.15 77.48 49.17 45.4 ]
 [89.4  77.09 72.34 23.02 20.96 19.74 74.94 47.26 44.87]
 [89.99 77.6  72.71 23.35 19.56 18.6  78.93 49.14 46.6 ]
 [90.16 77.93 73.03 19.92 17.89 17.07 79.56 49.58 46.95]
 [89.97 77.6  72.76 23.42 19.88 19.3  77.88 49.48 46.87]
 [90.03 77.85 73.01 23.36 20.53 19.34 79.11 49.43 46.92]]
Max mAP[90.16 77.93 73.03 23.62 22.25 21.15 79.56 49.58 46.95]
Scanning output/cfgs/kitti_models/pv_rcnn_ssl_60/cos_supervision_cos-uc-bg_trial_3_5ba2b51/log_train_20230412-191903.txt for evaluated results

mAP(s)[[88.36 76.39 72.01 29.94 26.53 24.86 74.01 44.91 42.58]
 [90.99 77.4  72.52 23.41 21.04 19.99 73.45 45.33 42.77]
 [88.81 77.26 72.43 24.55 21.47 19.77 73.08 45.16 42.62]
 [88.78 77.27 72.47 26.18 23.08 21.32 74.58 44.84 42.55]
 [88.72 77.14 72.41 25.87 22.88 21.13 75.19 46.82 42.9 ]
 [88.62 77.11 72.43 26.56 23.22 22.21 76.24 46.81 44.42]]
Max mAP[90.99 77.4  72.52 29.94 26.53 24.86 76.24 46.82 44.42]

----------------Final Results----------------

Max mAP(s)
[[89.37 77.32 72.57 24.5  21.5  20.31 77.46 49.27 46.83]
 [90.16 77.93 73.03 23.62 22.25 21.15 79.56 49.58 46.95]
 [90.99 77.4  72.52 29.94 26.53 24.86 76.24 46.82 44.42]]
Mean mAP[90.18 77.55 72.71 26.02 23.43 22.11 77.75 48.56 46.07]