
#--------------------Calculate Mean mAP-----------------------#

Defined Metric
['Car AP_R40@0.70, 0.70, 0.70', 'Pedestrian AP_R40@0.50, 0.50, 0.50', 'Cyclist AP_R40@0.50, 0.50, 0.50']
Experiment(s)
['cos_supervision_cos_uc_bg_vannila_trial_1_8d423a1', 'cos_supervision_cos_uc_bg_vannila_trial_3_8d423a1', 'cos_supervision_cos_uc_bg_vannila_trial_4_8d423a1']
Evaluated Epochs[50, 52, 54, 56, 58, 60]
Scanning output/cfgs/kitti_models/pv_rcnn_ssl_60/cos_supervision_cos_uc_bg_vannila_trial_1_8d423a1/log_train_20230419-104119.txt for evaluated results

mAP(s)[[88.62 76.69 72.12 23.09 19.76 18.2  75.02 46.52 42.7 ]
 [88.29 74.88 70.15 27.15 21.71 20.06 75.6  47.78 45.41]
 [88.65 75.17 72.12 26.47 20.5  19.96 80.44 51.27 47.44]
 [89.06 77.05 72.34 26.62 21.9  20.08 79.91 49.6  46.92]
 [89.15 77.14 72.4  25.87 20.69 19.77 79.93 49.66 46.98]
 [88.99 77.03 72.31 26.33 20.93 20.02 79.99 49.6  46.9 ]]
Max mAP[89.15 77.14 72.4  27.15 21.9  20.08 80.44 51.27 47.44]
Scanning output/cfgs/kitti_models/pv_rcnn_ssl_60/cos_supervision_cos_uc_bg_vannila_trial_3_8d423a1/log_train_20230419-104119.txt for evaluated results

mAP(s)[[88.28 76.86 72.06 29.59 24.69 22.85 75.19 47.4  45.08]
 [87.38 76.34 71.86 30.67 24.97 23.95 75.99 47.84 45.32]
 [88.38 77.07 72.37 30.61 26.55 24.53 76.38 48.03 45.57]
 [88.86 77.35 72.56 30.18 25.7  24.24 77.74 49.08 46.55]
 [88.98 77.22 72.51 29.42 25.58 23.67 79.17 50.43 48.  ]
 [89.03 77.37 72.63 29.21 24.55 22.63 79.55 50.82 46.57]]
Max mAP[89.03 77.37 72.63 30.67 26.55 24.53 79.55 50.82 48.  ]
Scanning output/cfgs/kitti_models/pv_rcnn_ssl_60/cos_supervision_cos_uc_bg_vannila_trial_4_8d423a1/log_train_20230419-153422.txt for evaluated results

mAP(s)[[88.89 75.28 70.48 18.59 17.22 16.59 69.78 44.55 40.97]
 [90.71 77.3  72.6  25.3  22.77 20.88 70.46 43.7  41.36]
 [89.08 77.56 72.8  30.03 26.72 24.72 72.68 45.16 42.92]
 [89.16 77.68 72.95 26.79 23.03 21.79 74.4  44.86 42.51]
 [89.04 77.48 72.79 27.48 23.64 22.16 74.01 44.7  42.3 ]
 [89.07 77.57 72.87 25.98 23.01 20.93 74.19 44.8  42.5 ]]
Max mAP[90.71 77.68 72.95 30.03 26.72 24.72 74.4  45.16 42.92]

----------------Final Results----------------

Max mAP(s)
[[89.15 77.14 72.4  27.15 21.9  20.08 80.44 51.27 47.44]
 [89.03 77.37 72.63 30.67 26.55 24.53 79.55 50.82 48.  ]
 [90.71 77.68 72.95 30.03 26.72 24.72 74.4  45.16 42.92]]
Mean mAP[89.63 77.4  72.66 29.28 25.06 23.11 78.13 49.08 46.12]