
#--------------------Calculate Mean mAP-----------------------#

Defined Metric
['Car AP_R40@0.70, 0.70, 0.70', 'Pedestrian AP_R40@0.50, 0.50, 0.50', 'Cyclist AP_R40@0.50, 0.50, 0.50']
Experiment(s)
['cos_supervision_refined_monday_eb2a3fe']
Evaluated Epochs[50, 52, 54, 56, 58, 60]
Scanning output/cfgs/kitti_models/pv_rcnn_ssl_60/cos_supervision_refined_monday_eb2a3fe/log_train_20230410-144111.txt for evaluated results

mAP(s)[[88.36 74.83 70.3  15.38 10.43  9.81 64.56 38.15 35.6 ]
 [88.49 76.03 71.16 15.15 10.14  9.52 63.6  37.12 34.44]
 [90.62 76.33 72.76 13.35  9.28  8.71 64.73 37.61 35.26]
 [88.   76.08 72.43 14.75  9.45  8.82 62.04 37.17 34.73]
 [88.12 76.33 72.78 13.86  9.23  8.87 65.11 38.38 35.17]
 [87.89 76.08 72.64 13.32  8.68  8.3  63.93 37.91 35.48]]
Max mAP[90.62 76.33 72.78 15.38 10.43  9.81 65.11 38.38 35.6 ]

----------------Final Results----------------

Max mAP(s)
[[90.62 76.33 72.78 15.38 10.43  9.81 65.11 38.38 35.6 ]]
Mean mAP[90.62 76.33 72.78 15.38 10.43  9.81 65.11 38.38 35.6 ]