
#--------------------Calculate Mean mAP-----------------------#

Defined Metric
['Car AP_R40@0.70, 0.70, 0.70', 'Pedestrian AP_R40@0.50, 0.50, 0.50', 'Cyclist AP_R40@0.50, 0.50, 0.50']
Experiment(s)
['cos_supervision_cos-uc-rev-bg_trial_1_5ba2b51', 'cos_supervision_cos-uc-rev-bg_trial_2_5ba2b51', 'cos_supervision_cos-uc-rev-bg_trial_3_5ba2b51']
Evaluated Epochs[50, 52, 54, 56, 58, 60]
Scanning output/cfgs/kitti_models/pv_rcnn_ssl_60/cos_supervision_cos-uc-rev-bg_trial_1_5ba2b51/log_train_20230412-181847.txt for evaluated results

mAP(s)[[88.07 76.15 71.54 23.88 21.88 20.86 74.08 45.82 43.3 ]
 [88.69 76.39 71.54 26.51 23.04 21.06 75.68 47.2  44.68]
 [88.81 77.12 72.22 26.98 24.08 22.11 75.04 45.64 43.19]
 [89.18 77.24 72.36 26.51 22.57 21.31 72.2  44.17 41.68]
 [89.14 77.33 72.46 27.98 23.5  21.35 74.19 45.79 43.38]
 [89.28 77.23 72.35 27.52 23.42 22.08 75.78 47.48 43.48]]
Max mAP[89.28 77.33 72.46 27.98 24.08 22.11 75.78 47.48 44.68]
Scanning output/cfgs/kitti_models/pv_rcnn_ssl_60/cos_supervision_cos-uc-rev-bg_trial_2_5ba2b51/log_train_20230412-181849.txt for evaluated results

mAP(s)[[86.98 73.87 69.36 27.26 23.84 21.47 72.54 45.99 43.65]
 [88.93 75.21 70.39 30.43 24.86 22.51 75.47 45.51 43.01]
 [89.61 77.08 72.38 32.53 26.85 25.07 76.24 46.58 43.93]
 [89.91 77.33 72.52 32.54 26.56 24.3  76.32 46.5  44.27]
 [89.36 75.52 72.33 31.49 25.8  24.45 75.85 47.72 44.01]
 [89.57 75.6  72.43 31.83 26.18 24.71 75.98 47.91 44.19]]
Max mAP[89.91 77.33 72.52 32.54 26.85 25.07 76.32 47.91 44.27]
Scanning output/cfgs/kitti_models/pv_rcnn_ssl_60/cos_supervision_cos-uc-rev-bg_trial_3_5ba2b51/log_train_20230412-181815.txt for evaluated results

mAP(s)[[87.36 74.28 69.62 26.88 24.37 22.59 71.44 43.39 41.1 ]
 [88.52 74.92 70.16 25.2  21.67 20.   74.32 45.87 41.98]
 [89.04 77.13 72.31 28.88 24.85 23.44 73.73 45.53 41.65]
 [88.71 77.06 72.3  28.11 24.43 23.22 74.38 46.06 43.55]
 [88.65 76.94 72.22 25.6  22.05 20.35 74.67 46.12 43.59]
 [88.66 77.   72.25 26.18 22.26 21.29 74.58 46.07 43.62]]
Max mAP[89.04 77.13 72.31 28.88 24.85 23.44 74.67 46.12 43.62]

----------------Final Results----------------

Max mAP(s)
[[89.28 77.33 72.46 27.98 24.08 22.11 75.78 47.48 44.68]
 [89.91 77.33 72.52 32.54 26.85 25.07 76.32 47.91 44.27]
 [89.04 77.13 72.31 28.88 24.85 23.44 74.67 46.12 43.62]]
Mean mAP[89.41 77.26 72.43 29.8  25.26 23.54 75.59 47.17 44.19]