
#--------------------Calculate Mean mAP-----------------------#

Defined Metric
['Car AP_R40@0.70, 0.70, 0.70', 'Pedestrian AP_R40@0.50, 0.50, 0.50', 'Cyclist AP_R40@0.50, 0.50, 0.50']
Experiment(s)
['DA-15_3diou_softmatch_interval_weighting_r16_s1_newvar_1_e41cfb9', 'DA-15_3diou_softmatch_interval_weighting_r16_s1_newvar_2_e41cfb9', 'DA-15_3diou_softmatch_interval_weighting_r16_s1_newvar_3_e41cfb9']
Evaluated Epochs[50, 52, 54, 56, 58, 60]
Scanning output/cfgs/kitti_models/pv_rcnn_ssl_60/DA-15_3diou_softmatch_interval_weighting_r16_s1_newvar_1_e41cfb9/log_train_20230512-183331.txt for evaluated results

mAP(s)[[88.43 76.41 71.57 20.43 18.24 17.35 66.79 40.98 38.56]
 [87.44 75.81 71.09 22.66 19.13 17.82 70.05 43.47 41.05]
 [88.46 76.21 71.32 20.38 18.06 17.41 72.52 45.26 42.55]
 [88.79 76.43 71.61 19.7  16.68 16.22 71.2  44.4  41.68]
 [88.68 76.26 71.41 19.81 17.31 16.71 70.53 44.1  41.69]
 [88.62 76.2  71.34 19.61 16.72 16.58 71.1  45.76 42.06]]
Max mAP[88.79 76.43 71.61 22.66 19.13 17.82 72.52 45.76 42.55]
Scanning output/cfgs/kitti_models/pv_rcnn_ssl_60/DA-15_3diou_softmatch_interval_weighting_r16_s1_newvar_2_e41cfb9/log_train_20230512-183331.txt for evaluated results

mAP(s)[[88.31 76.01 70.98 25.36 20.97 19.82 73.49 46.   42.65]
 [87.78 75.68 70.48 23.39 19.35 18.65 71.85 43.86 41.4 ]
 [88.2  76.38 71.29 21.32 18.98 18.26 74.92 46.73 44.23]
 [88.24 76.46 71.43 24.54 20.86 19.82 74.21 46.09 42.72]
 [88.51 76.62 71.47 24.4  20.38 19.68 75.36 46.59 43.23]
 [88.45 76.66 71.55 23.58 20.12 19.26 75.71 46.77 43.32]]
Max mAP[88.51 76.66 71.55 25.36 20.97 19.82 75.71 46.77 44.23]
Scanning output/cfgs/kitti_models/pv_rcnn_ssl_60/DA-15_3diou_softmatch_interval_weighting_r16_s1_newvar_3_e41cfb9/log_train_20230512-183330.txt for evaluated results

mAP(s)[[89.3  75.76 70.86 22.49 18.34 17.63 69.82 44.41 42.12]
 [91.08 76.94 71.77 26.97 22.2  20.66 70.89 45.17 42.61]
 [90.47 76.72 71.53 23.64 19.76 18.44 74.67 46.1  42.39]
 [88.06 76.19 71.26 26.02 20.93 19.61 74.36 46.27 43.79]
 [88.25 76.27 71.28 24.39 20.12 18.79 74.56 46.24 43.76]
 [89.68 76.19 71.17 23.85 19.63 18.53 74.05 47.23 43.47]]
Max mAP[91.08 76.94 71.77 26.97 22.2  20.66 74.67 47.23 43.79]

----------------Final Results----------------

Max mAP(s)
[[88.79 76.43 71.61 22.66 19.13 17.82 72.52 45.76 42.55]
 [88.51 76.66 71.55 25.36 20.97 19.82 75.71 46.77 44.23]
 [91.08 76.94 71.77 26.97 22.2  20.66 74.67 47.23 43.79]]
Mean mAP[89.46 76.68 71.64 24.99 20.77 19.43 74.3  46.59 43.52]