
#--------------------Calculate Mean mAP-----------------------#

Defined Metric
['Car AP_R40@0.70, 0.70, 0.70', 'Pedestrian AP_R40@0.50, 0.50, 0.50', 'Cyclist AP_R40@0.50, 0.50, 0.50']
Experiment(s)
['DA-15_3diou_proposal_target_layer_new_thresh_stats_utils_check_1_d51c187', 'DA-15_3diou_proposal_target_layer_new_thresh_stats_utils_check_2_d51c187', 'DA-15_3diou_proposal_target_layer_new_thresh_stats_utils_check_3_d51c187']
Evaluated Epochs[50, 52, 54, 56, 58, 60]
Scanning output/cfgs/kitti_models/pv_rcnn_ssl_60/DA-15_3diou_proposal_target_layer_new_thresh_stats_utils_check_1_d51c187/log_train_20230511-121135.txt for evaluated results

mAP(s)[[88.55 76.17 71.11 20.92 18.23 17.17 74.21 45.91 43.38]
 [88.41 76.2  71.17 22.92 19.61 18.41 74.5  45.77 43.31]
 [88.43 76.35 71.29 19.24 15.95 15.03 72.97 44.15 41.58]
 [88.32 76.48 71.37 27.16 22.51 21.8  74.61 45.69 43.16]
 [88.65 76.6  71.46 27.06 22.9  21.33 74.2  45.49 43.01]
 [88.48 76.52 71.43 27.05 22.26 21.13 74.13 45.41 42.87]]
Max mAP[88.65 76.6  71.46 27.16 22.9  21.8  74.61 45.91 43.38]
Scanning output/cfgs/kitti_models/pv_rcnn_ssl_60/DA-15_3diou_proposal_target_layer_new_thresh_stats_utils_check_2_d51c187/log_train_20230511-121153.txt for evaluated results

mAP(s)[[88.15 74.16 70.97 15.79 15.1  15.08 72.56 43.86 40.42]
 [90.55 76.71 71.8  24.66 20.92 20.03 70.41 43.18 41.05]
 [87.74 76.13 71.42 22.75 19.35 18.31 74.04 45.8  42.36]
 [88.19 76.31 71.53 24.99 20.9  19.84 70.88 44.3  42.08]
 [88.19 76.37 71.58 26.44 21.95 20.69 71.09 45.62 42.03]
 [88.48 76.42 71.63 25.64 21.38 20.25 70.94 45.59 42.11]]
Max mAP[90.55 76.71 71.8  26.44 21.95 20.69 74.04 45.8  42.36]
Scanning output/cfgs/kitti_models/pv_rcnn_ssl_60/DA-15_3diou_proposal_target_layer_new_thresh_stats_utils_check_3_d51c187/log_train_20230511-121153.txt for evaluated results

mAP(s)[[89.48 76.17 71.24 21.65 18.48 17.68 75.03 46.87 44.23]
 [87.98 75.71 70.83 20.81 18.3  17.54 71.08 44.88 41.22]
 [88.77 76.83 71.73 20.75 18.26 17.08 74.49 47.2  43.36]
 [88.72 76.42 71.31 21.63 19.01 17.96 74.53 47.56 43.7 ]
 [88.73 76.74 71.62 22.2  19.17 18.18 75.18 47.59 43.61]
 [88.65 76.76 71.6  21.99 19.   18.21 75.14 47.49 43.6 ]]
Max mAP[89.48 76.83 71.73 22.2  19.17 18.21 75.18 47.59 44.23]

----------------Final Results----------------

Max mAP(s)
[[88.65 76.6  71.46 27.16 22.9  21.8  74.61 45.91 43.38]
 [90.55 76.71 71.8  26.44 21.95 20.69 74.04 45.8  42.36]
 [89.48 76.83 71.73 22.2  19.17 18.21 75.18 47.59 44.23]]
Mean mAP[89.56 76.71 71.66 25.27 21.34 20.23 74.61 46.43 43.33]