
#--------------------Calculate Mean mAP-----------------------#

Defined Metric
['Car AP_R40@0.70, 0.70, 0.70', 'Pedestrian AP_R40@0.50, 0.50, 0.50', 'Cyclist AP_R40@0.50, 0.50, 0.50']
Experiment(s)
['DA-15_3diou_OLD_thresh_FG_0.6_trial_1_9e60f0b', 'DA-15_3diou_OLD_thresh_FG_0.6_trial_2_9e60f0b', 'DA-15_3diou_OLD_thresh_FG_0.6_trial_3_9e60f0b']
Evaluated Epochs[50, 52, 54, 56, 58, 60]
Scanning output/cfgs/kitti_models/pv_rcnn_ssl_60/DA-15_3diou_OLD_thresh_FG_0.6_trial_1_9e60f0b/log_train_20230524-151926.txt for evaluated results

mAP(s)[[87.56 76.21 70.84 18.91 16.54 16.09 75.45 46.94 44.47]
 [88.09 76.52 71.22 22.3  19.43 19.24 72.52 45.97 42.41]
 [87.98 76.16 70.92 25.29 21.67 20.9  74.98 46.79 44.02]
 [87.97 76.26 71.08 22.3  18.78 17.98 75.   47.23 43.46]
 [87.86 76.35 71.23 22.3  18.61 18.26 74.16 46.58 43.95]
 [88.04 76.52 71.3  21.18 18.26 17.97 74.43 47.83 44.27]]
Max mAP[88.09 76.52 71.3  25.29 21.67 20.9  75.45 47.83 44.47]
Scanning output/cfgs/kitti_models/pv_rcnn_ssl_60/DA-15_3diou_OLD_thresh_FG_0.6_trial_2_9e60f0b/log_train_20230524-151926.txt for evaluated results

mAP(s)[[87.15 76.13 71.25 24.05 20.82 19.66 69.44 43.53 40.  ]
 [87.79 76.38 71.33 17.77 15.94 15.43 71.29 44.63 40.91]
 [87.66 76.28 71.42 22.28 19.02 18.19 73.54 45.42 42.52]
 [87.89 76.38 71.34 21.57 18.52 17.96 72.92 45.56 42.7 ]
 [87.91 76.38 71.33 22.53 19.21 18.3  74.27 46.35 42.7 ]
 [87.75 76.34 71.32 22.67 19.67 18.65 72.48 46.29 42.56]]
Max mAP[87.91 76.38 71.42 24.05 20.82 19.66 74.27 46.35 42.7 ]
Scanning output/cfgs/kitti_models/pv_rcnn_ssl_60/DA-15_3diou_OLD_thresh_FG_0.6_trial_3_9e60f0b/log_train_20230524-151926.txt for evaluated results

mAP(s)[[87.02 75.72 70.87 14.74 13.29 13.27 72.34 44.69 42.06]
 [87.37 75.72 70.85 18.76 16.27 15.92 72.44 45.66 42.94]
 [88.24 76.59 71.5  21.76 18.65 18.25 73.39 46.19 43.75]
 [87.91 76.5  71.51 19.34 17.13 16.72 74.98 46.34 43.7 ]
 [88.08 76.5  71.48 22.   19.39 18.67 74.04 46.6  43.85]
 [88.09 76.6  71.59 21.16 18.85 18.04 73.83 46.39 42.92]]
Max mAP[88.24 76.6  71.59 22.   19.39 18.67 74.98 46.6  43.85]

----------------Final Results----------------

Max mAP(s)
[[88.09 76.52 71.3  25.29 21.67 20.9  75.45 47.83 44.47]
 [87.91 76.38 71.42 24.05 20.82 19.66 74.27 46.35 42.7 ]
 [88.24 76.6  71.59 22.   19.39 18.67 74.98 46.6  43.85]]
Mean mAP[88.08 76.5  71.43 23.78 20.62 19.74 74.9  46.93 43.67]