
#--------------------Calculate Mean mAP-----------------------#

Defined Metric
['Car AP_R40@0.70, 0.70, 0.70', 'Pedestrian AP_R40@0.50, 0.50, 0.50', 'Cyclist AP_R40@0.50, 0.50, 0.50']
Experiment(s)
['DA-15_3diou_softmatch_reset32_scaler_3_trial_1_d3b0e90', 'DA-15_3diou_softmatch_reset32_scaler_3_trial_2_d3b0e90', 'DA-15_3diou_softmatch_reset32_scaler_3_trial_3_d3b0e90']
Evaluated Epochs[50, 52, 54, 56, 58, 60]
Scanning output/cfgs/kitti_models/pv_rcnn_ssl_60/DA-15_3diou_softmatch_reset32_scaler_3_trial_1_d3b0e90/log_train_20230511-214407.txt for evaluated results

mAP(s)[[90.48 76.21 71.19 18.96 15.4  15.28 69.79 42.99 40.61]
 [89.47 75.82 70.9  23.14 18.15 17.49 73.67 45.55 41.94]
 [90.44 76.68 71.67 24.07 18.77 17.87 72.47 44.57 42.03]
 [90.37 76.48 71.49 24.91 19.84 18.56 74.3  44.5  42.03]
 [88.69 76.81 71.67 25.22 19.78 18.63 72.75 44.54 42.07]
 [90.15 76.58 73.09 24.37 19.18 18.08 73.73 44.29 41.93]]
Max mAP[90.48 76.81 73.09 25.22 19.84 18.63 74.3  45.55 42.07]
Scanning output/cfgs/kitti_models/pv_rcnn_ssl_60/DA-15_3diou_softmatch_reset32_scaler_3_trial_2_d3b0e90/log_train_20230511-214407.txt for evaluated results

mAP(s)[[86.63 75.12 70.35 19.66 17.61 17.17 71.06 44.35 41.57]
 [87.71 75.83 70.88 22.43 19.41 18.66 73.01 44.64 42.23]
 [87.59 75.98 70.98 18.56 16.73 16.32 73.16 46.51 42.81]
 [87.86 75.92 70.99 21.43 18.37 18.06 76.02 47.31 44.74]
 [87.78 75.98 71.07 19.27 16.88 16.4  75.78 48.48 44.57]
 [87.75 76.06 71.15 19.82 17.11 16.61 75.85 47.08 44.5 ]]
Max mAP[87.86 76.06 71.15 22.43 19.41 18.66 76.02 48.48 44.74]
Scanning output/cfgs/kitti_models/pv_rcnn_ssl_60/DA-15_3diou_softmatch_reset32_scaler_3_trial_3_d3b0e90/log_train_20230511-214407.txt for evaluated results

mAP(s)[[88.04 76.36 71.58 19.01 17.33 16.53 74.9  46.03 43.15]
 [87.83 76.15 71.28 21.15 18.58 17.7  75.21 47.13 44.27]
 [87.85 76.38 71.38 21.08 19.07 18.62 75.64 47.49 43.49]
 [88.07 76.54 71.53 21.01 18.6  17.76 76.78 47.38 43.27]
 [88.2  76.58 71.6  19.96 18.05 17.62 77.   47.33 44.75]
 [88.2  76.59 71.62 20.44 18.69 17.75 76.62 48.34 44.33]]
Max mAP[88.2  76.59 71.62 21.15 19.07 18.62 77.   48.34 44.75]

----------------Final Results----------------

Max mAP(s)
[[90.48 76.81 73.09 25.22 19.84 18.63 74.3  45.55 42.07]
 [87.86 76.06 71.15 22.43 19.41 18.66 76.02 48.48 44.74]
 [88.2  76.59 71.62 21.15 19.07 18.62 77.   48.34 44.75]]
Mean mAP[88.85 76.49 71.95 22.93 19.44 18.63 75.77 47.46 43.85]