
#--------------------Calculate Mean mAP-----------------------#

Defined Metric
['Car AP_R40@0.70, 0.70, 0.70', 'Pedestrian AP_R40@0.50, 0.50, 0.50', 'Cyclist AP_R40@0.50, 0.50, 0.50']
Experiment(s)
['DA-15_3diou_NEW_thresh_FG_0.5_trial_1_9e60f0b', 'DA-15_3diou_NEW_thresh_FG_0.5_trial_2_9e60f0b', 'DA-15_3diou_NEW_thresh_FG_0.5_trial_3_9e60f0b']
Evaluated Epochs[50, 52, 54, 56, 58, 60]
Scanning output/cfgs/kitti_models/pv_rcnn_ssl_60/DA-15_3diou_NEW_thresh_FG_0.5_trial_1_9e60f0b/log_train_20230523-110945.txt for evaluated results

mAP(s)[[87.43 75.43 70.49 23.98 19.69 18.66 76.13 47.62 44.81]
 [86.39 74.75 70.01 27.62 23.07 21.96 76.18 49.31 46.59]
 [88.2  75.66 70.6  29.34 24.27 22.96 76.76 49.89 47.13]
 [86.89 75.61 70.7  26.03 22.37 21.19 75.01 49.5  45.88]
 [88.34 75.68 70.69 26.37 22.63 21.46 76.73 49.97 46.05]
 [87.36 75.85 70.87 26.97 23.   21.76 76.5  49.91 45.97]]
Max mAP[88.34 75.85 70.87 29.34 24.27 22.96 76.76 49.97 47.13]
Scanning output/cfgs/kitti_models/pv_rcnn_ssl_60/DA-15_3diou_NEW_thresh_FG_0.5_trial_2_9e60f0b/log_train_20230523-110945.txt for evaluated results

mAP(s)[[84.66 72.69 67.79 18.8  16.8  16.84 72.63 46.26 43.35]
 [86.69 75.23 70.15 23.17 21.99 21.21 75.18 48.98 45.63]
 [86.86 75.33 70.37 18.73 16.17 16.03 76.91 49.94 46.44]
 [87.49 75.74 70.7  22.05 19.32 18.87 77.2  49.99 46.45]
 [87.56 75.72 70.56 20.96 18.94 18.49 77.37 50.36 46.84]
 [87.38 75.74 70.62 21.   18.76 18.31 76.35 49.38 46.75]]
Max mAP[87.56 75.74 70.7  23.17 21.99 21.21 77.37 50.36 46.84]
Scanning output/cfgs/kitti_models/pv_rcnn_ssl_60/DA-15_3diou_NEW_thresh_FG_0.5_trial_3_9e60f0b/log_train_20230523-110931.txt for evaluated results

mAP(s)[[86.89 75.52 70.38 20.4  18.92 18.14 72.22 45.18 42.67]
 [87.29 76.08 70.85 19.44 18.04 17.69 72.79 45.66 42.98]
 [86.41 75.34 70.37 23.33 21.04 19.87 73.79 46.81 43.21]
 [86.42 75.64 70.72 21.5  19.56 18.77 74.82 46.94 44.44]
 [86.82 75.78 70.83 24.93 22.07 20.97 75.51 47.25 44.7 ]
 [86.59 75.43 70.47 23.53 21.13 20.08 73.68 47.02 44.42]]
Max mAP[87.29 76.08 70.85 24.93 22.07 20.97 75.51 47.25 44.7 ]

----------------Final Results----------------

Max mAP(s)
[[88.34 75.85 70.87 29.34 24.27 22.96 76.76 49.97 47.13]
 [87.56 75.74 70.7  23.17 21.99 21.21 77.37 50.36 46.84]
 [87.29 76.08 70.85 24.93 22.07 20.97 75.51 47.25 44.7 ]]
Mean mAP[87.73 75.89 70.81 25.81 22.78 21.71 76.55 49.19 46.22]