
#--------------------Calculate Mean mAP-----------------------#

Defined Metric
['Car AP_R40@0.70, 0.70, 0.70', 'Pedestrian AP_R40@0.50, 0.50, 0.50', 'Cyclist AP_R40@0.50, 0.50, 0.50']
Experiment(s)
['DA-15_3diou_stats_utils_check_1_9e60f0b', 'DA-15_3diou_stats_utils_check_2_9e60f0b', 'DA-15_3diou_stats_utils_check_3_9e60f0b']
Evaluated Epochs[50, 52, 54, 56, 58, 60]
Scanning output/cfgs/kitti_models/pv_rcnn_ssl_60/DA-15_3diou_stats_utils_check_1_9e60f0b/log_train_20230509-223851.txt for evaluated results

mAP(s)[[87.14 75.64 70.64 22.8  20.22 19.45 72.88 44.62 42.14]
 [87.98 76.11 71.3  26.51 23.06 22.26 73.89 47.28 43.25]
 [88.11 76.34 71.53 25.68 22.68 21.95 73.58 47.22 43.3 ]
 [88.19 76.36 71.5  25.96 22.7  22.04 74.47 47.62 43.84]
 [88.3  76.5  71.59 25.93 22.63 22.3  73.95 46.1  43.44]
 [88.05 76.57 71.66 26.6  23.03 22.17 74.18 46.3  43.62]]
Max mAP[88.3  76.57 71.66 26.6  23.06 22.3  74.47 47.62 43.84]
Scanning output/cfgs/kitti_models/pv_rcnn_ssl_60/DA-15_3diou_stats_utils_check_2_9e60f0b/log_train_20230509-223851.txt for evaluated results

mAP(s)[[87.35 73.66 70.32 26.38 21.69 20.72 71.63 44.85 42.32]
 [87.88 75.91 70.87 22.39 17.4  16.55 72.98 46.13 42.58]
 [87.52 75.65 70.76 23.15 19.06 18.11 71.96 44.73 42.13]
 [88.01 75.91 71.01 24.77 20.6  19.56 72.75 45.17 42.76]
 [88.25 76.08 71.15 24.96 20.84 19.73 73.81 46.81 43.18]
 [88.13 76.27 71.3  26.19 21.45 20.85 75.98 47.52 43.68]]
Max mAP[88.25 76.27 71.3  26.38 21.69 20.85 75.98 47.52 43.68]
Scanning output/cfgs/kitti_models/pv_rcnn_ssl_60/DA-15_3diou_stats_utils_check_3_9e60f0b/log_train_20230509-223851.txt for evaluated results

mAP(s)[[88.11 75.32 70.15 23.21 19.53 19.23 74.03 46.1  43.54]
 [87.86 75.9  71.14 26.31 22.74 21.99 71.79 44.77 41.29]
 [88.28 76.2  71.21 23.07 18.84 18.37 73.45 46.9  43.26]
 [88.09 76.16 71.3  24.44 20.23 19.09 75.75 46.91 43.03]
 [88.28 76.33 71.31 23.63 19.74 18.73 74.62 46.45 43.77]
 [88.16 76.34 71.41 23.94 20.11 19.13 74.84 46.49 43.92]]
Max mAP[88.28 76.34 71.41 26.31 22.74 21.99 75.75 46.91 43.92]

----------------Final Results----------------

Max mAP(s)
[[88.3  76.57 71.66 26.6  23.06 22.3  74.47 47.62 43.84]
 [88.25 76.27 71.3  26.38 21.69 20.85 75.98 47.52 43.68]
 [88.28 76.34 71.41 26.31 22.74 21.99 75.75 46.91 43.92]]
Mean mAP[88.28 76.39 71.46 26.43 22.5  21.71 75.4  47.35 43.82]