
#--------------------Calculate Mean mAP-----------------------#

Defined Metric
['Car AP_R40@0.70, 0.70, 0.70', 'Pedestrian AP_R40@0.50, 0.50, 0.50', 'Cyclist AP_R40@0.50, 0.50, 0.50']
Experiment(s)
['DA-15_3diou_OLD_thresh_FG_0.5_trial_-1_9e60f0b', 'DA-15_3diou_OLD_thresh_FG_0.5_trial_-2_9e60f0b', 'DA-15_3diou_OLD_thresh_FG_0.5_trial_-3_9e60f0b']
Evaluated Epochs[50, 52, 54, 56, 58, 60]
Scanning output/cfgs/kitti_models/pv_rcnn_ssl_60/DA-15_3diou_OLD_thresh_FG_0.5_trial_-1_9e60f0b/log_train_20230528-132141.txt for evaluated results

mAP(s)[[87.64 74.92 70.03 16.97 15.48 15.07 71.9  46.5  43.18]
 [87.44 75.96 70.97 13.69 12.1  11.84 74.37 47.89 44.31]
 [88.09 76.13 71.04 15.64 13.61 13.29 74.54 48.06 45.31]
 [89.74 76.45 71.42 15.16 13.72 13.47 75.46 47.24 44.51]
 [87.93 76.39 71.38 17.94 15.71 15.33 75.02 48.11 44.52]
 [88.12 76.44 71.35 16.61 15.15 14.79 74.88 48.   44.46]]
Max mAP[89.74 76.45 71.42 17.94 15.71 15.33 75.46 48.11 45.31]
Scanning output/cfgs/kitti_models/pv_rcnn_ssl_60/DA-15_3diou_OLD_thresh_FG_0.5_trial_-2_9e60f0b/log_train_20230528-132141.txt for evaluated results

mAP(s)[[87.8  75.49 70.54 20.25 17.71 17.04 69.95 44.14 41.7 ]
 [87.67 76.26 71.25 16.98 14.65 14.35 73.62 47.14 43.56]
 [87.79 76.18 71.2  20.53 17.18 16.64 73.16 46.47 43.76]
 [87.32 75.84 70.81 21.43 18.03 17.45 73.57 45.9  42.23]
 [87.73 76.07 71.1  22.52 18.82 18.12 73.87 46.38 42.84]
 [87.77 76.02 71.07 21.61 18.2  17.57 73.   46.46 42.89]]
Max mAP[87.8  76.26 71.25 22.52 18.82 18.12 73.87 47.14 43.76]
Scanning output/cfgs/kitti_models/pv_rcnn_ssl_60/DA-15_3diou_OLD_thresh_FG_0.5_trial_-3_9e60f0b/log_train_20230528-132141.txt for evaluated results

mAP(s)[[88.06 74.2  70.62 17.21 15.5  15.15 73.62 46.75 43.16]
 [88.22 75.95 70.95 18.3  16.11 16.09 74.02 47.8  44.11]
 [87.83 75.76 70.87 18.72 16.87 16.36 73.81 47.81 45.11]
 [87.29 75.66 70.73 18.93 16.77 16.5  75.99 48.38 45.81]
 [88.09 76.26 71.23 18.03 16.44 15.91 76.97 48.84 46.16]
 [87.95 76.15 71.14 18.85 17.12 16.64 75.78 48.92 45.25]]
Max mAP[88.22 76.26 71.23 18.93 17.12 16.64 76.97 48.92 46.16]

----------------Final Results----------------

Max mAP(s)
[[89.74 76.45 71.42 17.94 15.71 15.33 75.46 48.11 45.31]
 [87.8  76.26 71.25 22.52 18.82 18.12 73.87 47.14 43.76]
 [88.22 76.26 71.23 18.93 17.12 16.64 76.97 48.92 46.16]]
Mean mAP[88.59 76.32 71.3  19.79 17.21 16.7  75.43 48.06 45.07]