
#--------------------Calculate Mean mAP-----------------------#

Defined Metric
['Car AP_R40@0.70, 0.70, 0.70', 'Pedestrian AP_R40@0.50, 0.50, 0.50', 'Cyclist AP_R40@0.50, 0.50, 0.50']
Experiment(s)
['DA-15_3diou_old_thresh_stats_utils_check_1_9e60f0b', 'DA-15_3diou_old_thresh_stats_utils_check_2_9e60f0b', 'DA-15_3diou_old_thresh_stats_utils_check_3_9e60f0b']
Evaluated Epochs[50, 52, 54, 56, 58, 60]
Scanning output/cfgs/kitti_models/pv_rcnn_ssl_60/DA-15_3diou_old_thresh_stats_utils_check_1_9e60f0b/log_train_20230510-092412.txt for evaluated results

mAP(s)[[88.13 76.04 70.97 16.83 15.28 15.14 73.71 46.59 44.17]
 [87.91 75.75 70.87 20.99 18.44 18.2  71.8  44.7  42.52]
 [87.92 76.15 71.23 18.64 16.28 15.93 71.75 43.72 41.42]
 [87.95 76.19 71.37 20.33 17.55 17.29 71.57 44.26 41.22]
 [87.8  76.16 71.24 20.38 17.7  17.28 71.48 44.61 42.4 ]
 [88.02 76.25 71.38 19.48 16.59 16.54 71.6  44.38 42.08]]
Max mAP[88.13 76.25 71.38 20.99 18.44 18.2  73.71 46.59 44.17]
Scanning output/cfgs/kitti_models/pv_rcnn_ssl_60/DA-15_3diou_old_thresh_stats_utils_check_2_9e60f0b/log_train_20230510-092412.txt for evaluated results

mAP(s)[[87.7  76.15 71.06 18.46 15.72 15.29 68.84 43.48 41.08]
 [86.49 75.19 70.27 19.98 16.52 16.27 74.48 46.58 42.98]
 [87.38 75.67 70.48 17.83 15.22 15.09 71.42 45.43 42.97]
 [87.68 76.01 70.83 18.87 16.5  16.31 70.92 45.58 41.92]
 [87.51 76.05 70.93 19.13 16.88 16.65 71.84 45.87 42.35]
 [87.56 75.97 70.86 19.34 17.14 16.9  69.83 45.19 41.88]]
Max mAP[87.7  76.15 71.06 19.98 17.14 16.9  74.48 46.58 42.98]
Scanning output/cfgs/kitti_models/pv_rcnn_ssl_60/DA-15_3diou_old_thresh_stats_utils_check_3_9e60f0b/log_train_20230510-092412.txt for evaluated results

mAP(s)[[87.03 75.14 70.3  19.91 15.47 15.3  70.71 43.94 40.53]
 [87.73 75.97 70.92 18.86 16.12 15.18 69.73 44.49 40.87]
 [87.82 76.18 71.09 20.6  16.84 16.25 73.49 47.74 43.98]
 [87.81 76.42 71.39 19.88 15.88 15.52 73.12 47.97 44.11]
 [87.93 76.36 72.81 21.04 17.22 16.37 72.91 47.41 43.78]
 [88.08 76.42 71.45 21.11 16.98 16.21 73.05 46.46 43.9 ]]
Max mAP[88.08 76.42 72.81 21.11 17.22 16.37 73.49 47.97 44.11]

----------------Final Results----------------

Max mAP(s)
[[88.13 76.25 71.38 20.99 18.44 18.2  73.71 46.59 44.17]
 [87.7  76.15 71.06 19.98 17.14 16.9  74.48 46.58 42.98]
 [88.08 76.42 72.81 21.11 17.22 16.37 73.49 47.97 44.11]]
Mean mAP[87.97 76.27 71.75 20.69 17.6  17.16 73.89 47.04 43.75]