
#--------------------Calculate Mean mAP-----------------------#

Defined Metric
['Car AP_R40@0.70, 0.70, 0.70', 'Pedestrian AP_R40@0.50, 0.50, 0.50', 'Cyclist AP_R40@0.50, 0.50, 0.50']
Experiment(s)
['DA-15_3diou_softmatch_interval_weighting_r32_s4_newvar_1_e41cfb9', 'DA-15_3diou_softmatch_interval_weighting_r32_s4_newvar_2_e41cfb9', 'DA-15_3diou_softmatch_interval_weighting_r32_s4_newvar_3_e41cfb9']
Evaluated Epochs[50, 52, 54, 56, 58, 60]
Scanning output/cfgs/kitti_models/pv_rcnn_ssl_60/DA-15_3diou_softmatch_interval_weighting_r32_s4_newvar_1_e41cfb9/log_train_20230512-183237.txt for evaluated results

mAP(s)[[88.32 75.57 70.61 20.33 17.92 17.44 65.48 43.86 40.47]
 [88.32 76.28 71.37 23.22 19.52 19.07 65.22 43.98 41.46]
 [88.64 76.65 71.59 26.36 23.06 21.6  67.64 45.67 42.1 ]
 [88.87 76.65 71.65 26.36 22.2  20.89 68.65 46.35 42.46]
 [88.9  76.75 71.8  26.1  22.35 21.14 69.41 45.58 41.93]
 [88.7  76.71 71.78 25.51 21.88 20.56 69.   45.45 41.93]]
Max mAP[88.9  76.75 71.8  26.36 23.06 21.6  69.41 46.35 42.46]
Scanning output/cfgs/kitti_models/pv_rcnn_ssl_60/DA-15_3diou_softmatch_interval_weighting_r32_s4_newvar_2_e41cfb9/log_train_20230512-183237.txt for evaluated results

mAP(s)[[88.26 76.15 71.12 18.02 16.5  16.31 73.08 45.56 42.04]
 [88.39 76.32 71.23 24.85 22.41 21.62 73.95 44.94 42.11]
 [87.96 75.77 70.96 21.27 19.08 18.4  72.   46.72 43.16]
 [87.89 75.96 71.2  22.57 20.02 19.58 73.28 46.14 43.63]
 [87.95 76.   71.08 21.55 19.42 18.45 72.42 45.68 43.3 ]
 [87.92 75.92 71.09 21.99 19.73 19.24 72.96 46.   43.36]]
Max mAP[88.39 76.32 71.23 24.85 22.41 21.62 73.95 46.72 43.63]
Scanning output/cfgs/kitti_models/pv_rcnn_ssl_60/DA-15_3diou_softmatch_interval_weighting_r32_s4_newvar_3_e41cfb9/log_train_20230512-183214.txt for evaluated results

mAP(s)[[89.99 76.39 71.4  12.62 10.7  10.38 76.18 47.89 43.91]
 [88.18 76.05 71.15 16.37 13.79 13.61 75.21 47.15 43.32]
 [88.13 76.05 71.14 20.84 17.57 17.01 74.09 46.22 43.71]
 [89.82 76.57 71.58 23.61 19.75 19.19 75.29 48.44 44.46]
 [90.2  76.8  71.72 22.55 19.25 18.34 77.33 48.76 44.79]
 [90.13 76.76 71.77 22.95 19.37 18.66 77.37 48.9  46.13]]
Max mAP[90.2  76.8  71.77 23.61 19.75 19.19 77.37 48.9  46.13]

----------------Final Results----------------

Max mAP(s)
[[88.9  76.75 71.8  26.36 23.06 21.6  69.41 46.35 42.46]
 [88.39 76.32 71.23 24.85 22.41 21.62 73.95 46.72 43.63]
 [90.2  76.8  71.77 23.61 19.75 19.19 77.37 48.9  46.13]]
Mean mAP[89.16 76.62 71.6  24.94 21.74 20.81 73.58 47.32 44.07]