
#--------------------Calculate Mean mAP-----------------------#

Defined Metric
['Car AP_R40@0.70, 0.70, 0.70', 'Pedestrian AP_R40@0.50, 0.50, 0.50', 'Cyclist AP_R40@0.50, 0.50, 0.50']
Experiment(s)
['DA-15_3diou_baseline_newthresh_proposal_1_d51c187', 'DA-15_3diou_baseline_newthresh_proposal_2_d51c187', 'DA-15_3diou_baseline_newthresh_proposal_3_d51c187']
Evaluated Epochs[50, 52, 54, 56, 58, 60]
Scanning output/cfgs/kitti_models/pv_rcnn_ssl_60/DA-15_3diou_baseline_newthresh_proposal_1_d51c187/log_train_20230512-064206.txt for evaluated results

mAP(s)[[88.23 76.64 71.68 26.09 23.76 22.08 72.68 45.15 42.38]
 [86.65 75.26 70.8  20.35 18.54 17.75 73.4  45.57 42.9 ]
 [87.06 75.66 71.03 18.55 17.06 16.12 73.63 45.05 42.5 ]
 [87.69 76.17 71.35 23.21 20.85 20.06 73.41 45.45 41.49]
 [87.64 76.19 71.37 23.71 21.33 20.04 73.8  45.7  42.84]
 [87.57 76.02 71.25 23.23 20.74 19.52 71.93 45.39 42.5 ]]
Max mAP[88.23 76.64 71.68 26.09 23.76 22.08 73.8  45.7  42.9 ]
Scanning output/cfgs/kitti_models/pv_rcnn_ssl_60/DA-15_3diou_baseline_newthresh_proposal_2_d51c187/log_train_20230512-064206.txt for evaluated results

mAP(s)[[90.28 76.12 70.86 20.61 17.45 17.13 67.58 42.26 38.83]
 [86.78 75.13 70.33 19.7  16.45 16.12 66.12 39.94 37.53]
 [88.6  76.46 71.36 17.02 14.48 14.29 67.78 40.9  38.51]
 [88.37 76.53 71.44 19.78 16.66 16.24 68.41 41.87 38.2 ]
 [88.52 76.61 71.46 18.77 15.89 15.31 69.2  42.24 39.75]
 [88.33 76.57 71.53 19.56 16.45 16.3  69.41 42.5  38.87]]
Max mAP[90.28 76.61 71.53 20.61 17.45 17.13 69.41 42.5  39.75]
Scanning output/cfgs/kitti_models/pv_rcnn_ssl_60/DA-15_3diou_baseline_newthresh_proposal_3_d51c187/log_train_20230512-064206.txt for evaluated results

mAP(s)[[88.76 76.58 71.45 20.75 17.76 17.01 71.94 45.24 42.95]
 [87.61 75.71 70.82 28.05 23.39 22.1  70.45 44.83 42.38]
 [88.24 76.38 71.35 24.75 19.72 18.93 72.9  46.77 44.51]
 [88.17 76.36 71.42 24.83 20.02 19.33 72.75 46.85 44.72]
 [88.54 76.64 71.53 25.21 20.95 19.76 72.67 45.54 43.43]
 [88.49 76.58 71.52 25.68 21.1  20.05 72.89 45.62 43.44]]
Max mAP[88.76 76.64 71.53 28.05 23.39 22.1  72.9  46.85 44.72]

----------------Final Results----------------

Max mAP(s)
[[88.23 76.64 71.68 26.09 23.76 22.08 73.8  45.7  42.9 ]
 [90.28 76.61 71.53 20.61 17.45 17.13 69.41 42.5  39.75]
 [88.76 76.64 71.53 28.05 23.39 22.1  72.9  46.85 44.72]]
Mean mAP[89.09 76.63 71.58 24.91 21.53 20.44 72.04 45.01 42.46]