
#--------------------Calculate Mean mAP-----------------------#

Defined Metric
['Car AP_R40@0.70, 0.70, 0.70', 'Pedestrian AP_R40@0.50, 0.50, 0.50', 'Cyclist AP_R40@0.50, 0.50, 0.50']
Experiment(s)
['DA-15_3diou_proposal_target_layer_old_thresh_stats_utils_check_1_d51c187', 'DA-15_3diou_proposal_target_layer_old_thresh_stats_utils_check_3_d51c187', 'DA-15_3diou_proposal_target_layer_old_thresh_stats_utils_check_3_d51c187']
Evaluated Epochs[50, 52, 54, 56, 58, 60]
Scanning output/cfgs/kitti_models/pv_rcnn_ssl_60/DA-15_3diou_proposal_target_layer_old_thresh_stats_utils_check_1_d51c187/log_train_20230511-121023.txt for evaluated results

mAP(s)[[87.78 77.71 71.22 16.84 15.35 14.96 71.31 45.67 42.49]
 [88.24 76.13 71.04 19.71 17.42 17.18 71.37 45.87 42.31]
 [88.33 76.48 71.36 20.16 17.62 17.48 71.33 46.32 42.82]
 [89.65 76.42 71.32 20.71 18.29 17.62 71.18 46.95 44.26]
 [88.39 76.41 71.27 20.68 18.16 17.49 71.98 46.71 43.87]
 [88.44 76.33 71.22 19.42 17.22 16.9  71.58 47.29 43.71]]
Max mAP[89.65 77.71 71.36 20.71 18.29 17.62 71.98 47.29 44.26]
Scanning output/cfgs/kitti_models/pv_rcnn_ssl_60/DA-15_3diou_proposal_target_layer_old_thresh_stats_utils_check_3_d51c187/log_train_20230511-121024.txt for evaluated results

mAP(s)[[87.59 75.45 70.33 21.18 18.24 17.94 70.67 44.71 41.73]
 [87.85 75.62 70.72 22.27 19.06 18.03 74.82 48.72 45.97]
 [87.76 76.17 71.   18.36 16.41 15.76 72.33 46.91 43.51]
 [88.08 76.12 71.06 16.73 14.38 14.08 71.85 46.1  43.38]
 [89.68 76.36 71.26 17.15 14.98 14.42 75.72 48.99 45.41]
 [88.31 76.24 71.17 17.7  15.16 14.54 73.75 48.43 44.85]]
Max mAP[89.68 76.36 71.26 22.27 19.06 18.03 75.72 48.99 45.97]
Scanning output/cfgs/kitti_models/pv_rcnn_ssl_60/DA-15_3diou_proposal_target_layer_old_thresh_stats_utils_check_3_d51c187/log_train_20230511-121024.txt for evaluated results

mAP(s)[[87.59 75.45 70.33 21.18 18.24 17.94 70.67 44.71 41.73]
 [87.85 75.62 70.72 22.27 19.06 18.03 74.82 48.72 45.97]
 [87.76 76.17 71.   18.36 16.41 15.76 72.33 46.91 43.51]
 [88.08 76.12 71.06 16.73 14.38 14.08 71.85 46.1  43.38]
 [89.68 76.36 71.26 17.15 14.98 14.42 75.72 48.99 45.41]
 [88.31 76.24 71.17 17.7  15.16 14.54 73.75 48.43 44.85]]
Max mAP[89.68 76.36 71.26 22.27 19.06 18.03 75.72 48.99 45.97]

----------------Final Results----------------

Max mAP(s)
[[89.65 77.71 71.36 20.71 18.29 17.62 71.98 47.29 44.26]
 [89.68 76.36 71.26 22.27 19.06 18.03 75.72 48.99 45.97]
 [89.68 76.36 71.26 22.27 19.06 18.03 75.72 48.99 45.97]]
Mean mAP[89.67 76.81 71.29 21.75 18.8  17.89 74.47 48.43 45.4 ]