
#--------------------Calculate Mean mAP-----------------------#

Defined Metric
['Car AP_R40@0.70, 0.70, 0.70', 'Pedestrian AP_R40@0.50, 0.50, 0.50', 'Cyclist AP_R40@0.50, 0.50, 0.50']
Experiment(s)
['DA-15_3diou_softmatch_interval_weighting_r16_s4_newvar_1_e41cfb9', 'DA-15_3diou_softmatch_interval_weighting_r16_s4_newvar_2_e41cfb9', 'DA-15_3diou_softmatch_interval_weighting_r16_s4_newvar_3_e41cfb9']
Evaluated Epochs[50, 52, 54, 56, 58, 60]
Scanning output/cfgs/kitti_models/pv_rcnn_ssl_60/DA-15_3diou_softmatch_interval_weighting_r16_s4_newvar_1_e41cfb9/log_train_20230512-183211.txt for evaluated results

mAP(s)[[90.17 76.54 71.43 17.86 14.95 15.19 72.68 46.07 42.67]
 [87.92 76.28 71.35 17.99 15.66 15.37 73.29 45.76 43.07]
 [88.15 76.08 71.15 20.54 17.11 16.93 73.61 47.27 43.46]
 [87.93 75.94 71.   19.18 15.9  15.67 71.83 45.75 43.21]
 [87.94 76.26 71.3  20.57 17.55 17.33 73.27 45.71 43.23]
 [87.93 76.28 71.3  20.74 17.79 17.34 74.78 46.38 43.8 ]]
Max mAP[90.17 76.54 71.43 20.74 17.79 17.34 74.78 47.27 43.8 ]
Scanning output/cfgs/kitti_models/pv_rcnn_ssl_60/DA-15_3diou_softmatch_interval_weighting_r16_s4_newvar_2_e41cfb9/log_train_20230512-183211.txt for evaluated results

mAP(s)[[87.61 75.76 70.61 19.56 16.13 15.4  71.2  45.48 41.69]
 [88.2  76.07 70.83 21.08 18.05 17.53 74.56 47.53 43.75]
 [88.51 76.28 71.07 23.28 20.07 19.36 72.38 46.24 42.41]
 [88.16 76.07 70.92 25.26 21.6  20.33 74.06 46.08 42.03]
 [87.86 75.91 70.82 21.2  18.64 17.66 72.05 45.46 42.69]
 [88.03 76.05 70.92 21.02 18.32 17.28 74.07 45.89 43.01]]
Max mAP[88.51 76.28 71.07 25.26 21.6  20.33 74.56 47.53 43.75]
Scanning output/cfgs/kitti_models/pv_rcnn_ssl_60/DA-15_3diou_softmatch_interval_weighting_r16_s4_newvar_3_e41cfb9/log_train_20230512-183211.txt for evaluated results

mAP(s)[[87.4  75.55 70.67 16.44 13.8  13.8  70.95 43.3  41.03]
 [88.22 76.3  71.37 21.39 19.3  18.99 72.33 44.8  42.37]
 [87.91 75.84 71.05 22.45 20.24 19.8  74.58 47.01 44.32]
 [88.16 76.   71.06 23.08 19.48 19.07 74.4  47.07 43.28]
 [88.43 76.03 71.11 23.34 20.17 19.34 73.36 46.92 43.36]
 [87.93 75.96 71.04 22.52 19.21 18.85 73.63 47.12 43.37]]
Max mAP[88.43 76.3  71.37 23.34 20.24 19.8  74.58 47.12 44.32]

----------------Final Results----------------

Max mAP(s)
[[90.17 76.54 71.43 20.74 17.79 17.34 74.78 47.27 43.8 ]
 [88.51 76.28 71.07 25.26 21.6  20.33 74.56 47.53 43.75]
 [88.43 76.3  71.37 23.34 20.24 19.8  74.58 47.12 44.32]]
Mean mAP[89.03 76.37 71.29 23.11 19.88 19.16 74.64 47.31 43.96]