
#--------------------Calculate Mean mAP-----------------------#

Defined Metric
['Car AP_R40@0.70, 0.70, 0.70', 'Pedestrian AP_R40@0.50, 0.50, 0.50', 'Cyclist AP_R40@0.50, 0.50, 0.50']
Experiment(s)
['DA-15_3diou_softmatch_interval_weighting_r16_s4_newvar_0.51_b8210ae', 'DA-15_3diou_softmatch_interval_weighting_r16_s4_newvar_0.52_b8210ae', 'DA-15_3diou_softmatch_interval_weighting_r16_s4_newvar_0.53_b8210ae']
Evaluated Epochs[50, 52, 54, 56, 58, 60]
Scanning output/cfgs/kitti_models/pv_rcnn_ssl_60/DA-15_3diou_softmatch_interval_weighting_r16_s4_newvar_0.51_b8210ae/log_train_20230514-221143.txt for evaluated results

mAP(s)[[90.48 76.64 71.5  26.19 22.26 20.89 68.71 42.58 40.04]
 [88.19 76.02 70.93 17.14 14.99 15.   72.19 44.99 42.53]
 [88.51 76.24 71.09 22.46 19.15 18.29 68.81 43.44 41.17]
 [88.43 76.55 71.5  23.35 19.53 18.45 72.76 45.26 41.48]
 [88.51 76.53 71.44 24.39 20.71 19.88 71.71 44.66 42.22]
 [88.62 76.61 71.49 23.97 19.62 19.49 71.81 44.93 42.45]]
Max mAP[90.48 76.64 71.5  26.19 22.26 20.89 72.76 45.26 42.53]
Scanning output/cfgs/kitti_models/pv_rcnn_ssl_60/DA-15_3diou_softmatch_interval_weighting_r16_s4_newvar_0.52_b8210ae/log_train_20230514-221142.txt for evaluated results

mAP(s)[[87.24 73.47 68.49 19.41 16.23 15.94 73.49 46.8  42.96]
 [88.53 76.33 71.26 21.15 18.38 17.52 75.94 48.19 44.39]
 [89.66 76.3  71.33 21.1  18.55 17.74 74.63 47.34 44.54]
 [89.55 76.45 71.38 23.29 19.82 18.82 75.44 47.06 44.7 ]
 [88.41 76.61 71.54 22.12 19.07 18.2  75.68 47.85 44.15]
 [88.47 76.52 71.52 21.54 18.56 17.76 75.79 47.97 44.25]]
Max mAP[89.66 76.61 71.54 23.29 19.82 18.82 75.94 48.19 44.7 ]
Scanning output/cfgs/kitti_models/pv_rcnn_ssl_60/DA-15_3diou_softmatch_interval_weighting_r16_s4_newvar_0.53_b8210ae/log_train_20230514-221142.txt for evaluated results

mAP(s)[[86.14 75.11 70.44 21.15 17.62 17.23 70.25 44.01 40.27]
 [89.09 76.03 71.03 18.2  16.37 15.95 72.94 45.59 42.01]
 [87.68 75.97 71.03 17.88 16.25 16.08 71.87 45.2  42.41]
 [88.07 76.5  71.49 19.44 16.68 16.78 71.19 44.67 41.43]
 [88.07 76.4  71.39 19.6  16.9  16.86 72.5  45.49 41.99]
 [88.   76.44 71.4  19.91 17.17 17.17 71.9  45.1  41.73]]
Max mAP[89.09 76.5  71.49 21.15 17.62 17.23 72.94 45.59 42.41]

----------------Final Results----------------

Max mAP(s)
[[90.48 76.64 71.5  26.19 22.26 20.89 72.76 45.26 42.53]
 [89.66 76.61 71.54 23.29 19.82 18.82 75.94 48.19 44.7 ]
 [89.09 76.5  71.49 21.15 17.62 17.23 72.94 45.59 42.41]]
Mean mAP[89.74 76.58 71.51 23.54 19.9  18.98 73.88 46.35 43.21]