
#--------------------Calculate Mean mAP-----------------------#

Defined Metric
['Car AP_R40@0.70, 0.70, 0.70', 'Pedestrian AP_R40@0.50, 0.50, 0.50', 'Cyclist AP_R40@0.50, 0.50, 0.50']
Experiment(s)
['DA-35-softmatch_all_scaled_by_4_1_7b806f0', 'DA-35-softmatch_all_scaled_by_4_2_7b806f0', 'DA-35-softmatch_all_scaled_by_4_3_7b806f0']
Evaluated Epochs[50, 52, 54, 56, 58, 60]
Scanning output/cfgs/kitti_models/pv_rcnn_ssl_60/DA-35-softmatch_all_scaled_by_4_1_7b806f0/log_train_20230502-193548.txt for evaluated results

mAP(s)[[87.85 76.33 71.42 18.35 16.3  16.07 73.97 46.05 43.43]
 [88.69 76.72 71.92 24.69 23.14 22.12 75.83 45.72 43.3 ]
 [90.15 78.27 73.63 23.02 21.33 20.43 75.77 47.78 43.93]
 [88.87 76.83 73.61 23.05 19.66 19.41 74.5  46.29 42.22]
 [89.11 78.61 74.09 25.05 21.45 20.94 76.33 46.61 43.77]
 [89.06 78.59 74.1  25.29 21.78 21.2  76.51 46.73 44.11]]
Max mAP[90.15 78.61 74.1  25.29 23.14 22.12 76.51 47.78 44.11]
Scanning output/cfgs/kitti_models/pv_rcnn_ssl_60/DA-35-softmatch_all_scaled_by_4_2_7b806f0/log_train_20230502-193548.txt for evaluated results

mAP(s)[[88.38 75.75 71.33 28.35 22.38 20.93 70.8  44.64 42.09]
 [89.05 76.84 72.22 24.48 21.48 20.36 70.49 44.93 41.28]
 [88.56 76.51 71.74 26.09 23.09 21.8  72.13 46.84 43.35]
 [89.4  77.1  72.34 26.06 22.85 21.7  72.68 46.68 43.88]
 [89.41 77.06 72.35 25.64 22.57 20.9  72.96 46.82 43.98]
 [89.25 77.   73.77 24.72 21.64 20.71 72.92 46.71 44.  ]]
Max mAP[89.41 77.1  73.77 28.35 23.09 21.8  72.96 46.84 44.  ]
Scanning output/cfgs/kitti_models/pv_rcnn_ssl_60/DA-35-softmatch_all_scaled_by_4_3_7b806f0/log_train_20230502-193548.txt for evaluated results

mAP(s)[[89.47 77.   72.17 36.35 30.68 27.77 63.22 37.86 35.44]
 [88.75 76.9  72.05 24.56 20.29 18.65 59.95 35.96 33.78]
 [89.1  77.29 73.89 30.94 26.35 23.98 60.04 34.28 32.11]
 [89.09 77.29 73.99 29.46 25.63 23.29 62.69 38.5  34.73]
 [91.16 77.54 74.25 30.74 26.06 24.33 62.42 36.66 34.54]
 [91.18 77.51 74.28 30.22 25.64 23.61 62.6  38.47 34.57]]
Max mAP[91.18 77.54 74.28 36.35 30.68 27.77 63.22 38.5  35.44]

----------------Final Results----------------

Max mAP(s)
[[90.15 78.61 74.1  25.29 23.14 22.12 76.51 47.78 44.11]
 [89.41 77.1  73.77 28.35 23.09 21.8  72.96 46.84 44.  ]
 [91.18 77.54 74.28 36.35 30.68 27.77 63.22 38.5  35.44]]
Mean mAP[90.25 77.75 74.05 30.   25.64 23.89 70.9  44.37 41.18]