
#--------------------Calculate Mean mAP-----------------------#

Defined Metric
['Car AP_R40@0.70, 0.70, 0.70', 'Pedestrian AP_R40@0.50, 0.50, 0.50', 'Cyclist AP_R40@0.50, 0.50, 0.50']
Experiment(s)
['DA-35-softmatch_all_1_7b806f0', 'DA-35-softmatch_all_2_7b806f0', 'DA-35-softmatch_all_3_7b806f0']
Evaluated Epochs[50, 52, 54, 56, 58, 60]
Scanning output/cfgs/kitti_models/pv_rcnn_ssl_60/DA-35-softmatch_all_1_7b806f0/log_train_20230502-142109.txt for evaluated results

mAP(s)[[89.29 77.   73.86 25.59 23.58 22.72 72.84 45.17 42.43]
 [91.11 77.12 74.05 34.36 30.35 28.17 75.79 46.65 43.89]
 [91.57 77.43 74.37 34.03 29.56 28.16 74.3  46.06 43.45]
 [89.69 77.45 74.21 30.31 26.95 25.08 76.33 47.74 45.11]
 [89.61 77.35 74.13 30.95 27.65 25.62 75.26 47.96 43.9 ]
 [89.61 77.23 74.11 29.31 26.18 24.52 74.64 47.58 43.64]]
Max mAP[91.57 77.45 74.37 34.36 30.35 28.17 76.33 47.96 45.11]
Scanning output/cfgs/kitti_models/pv_rcnn_ssl_60/DA-35-softmatch_all_2_7b806f0/log_train_20230502-142109.txt for evaluated results

mAP(s)[[88.44 76.19 71.45 29.82 25.84 24.04 74.91 49.58 45.99]
 [88.56 76.27 71.74 27.86 24.2  22.54 77.92 49.31 46.85]
 [88.54 76.58 71.9  23.81 21.12 19.92 77.06 50.04 47.71]
 [88.26 76.47 71.81 24.12 20.72 19.93 78.61 51.48 47.69]
 [88.22 76.55 71.93 26.45 22.75 21.3  77.14 50.18 46.37]
 [88.28 76.57 71.91 26.35 22.75 21.44 76.72 49.94 46.11]]
Max mAP[88.56 76.58 71.93 29.82 25.84 24.04 78.61 51.48 47.71]
Scanning output/cfgs/kitti_models/pv_rcnn_ssl_60/DA-35-softmatch_all_3_7b806f0/log_train_20230502-142108.txt for evaluated results

mAP(s)[[88.72 76.3  71.86 29.03 25.1  23.7  71.71 45.88 43.1 ]
 [89.42 76.86 72.14 25.69 22.89 21.75 76.46 49.24 46.38]
 [89.2  77.16 72.31 25.19 22.4  21.17 76.45 49.69 45.73]
 [89.55 77.23 72.42 24.85 21.67 20.51 78.93 50.36 47.46]
 [89.45 77.37 72.54 24.97 21.65 20.56 78.84 50.26 47.28]
 [89.49 77.35 72.5  23.57 20.6  20.02 77.22 50.12 47.2 ]]
Max mAP[89.55 77.37 72.54 29.03 25.1  23.7  78.93 50.36 47.46]

----------------Final Results----------------

Max mAP(s)
[[91.57 77.45 74.37 34.36 30.35 28.17 76.33 47.96 45.11]
 [88.56 76.58 71.93 29.82 25.84 24.04 78.61 51.48 47.71]
 [89.55 77.37 72.54 29.03 25.1  23.7  78.93 50.36 47.46]]
Mean mAP[89.89 77.13 72.95 31.07 27.1  25.3  77.96 49.93 46.76]