
#--------------------Calculate Mean mAP-----------------------#

Defined Metric
['Car AP_R40@0.70, 0.70, 0.70', 'Pedestrian AP_R40@0.50, 0.50, 0.50', 'Cyclist AP_R40@0.50, 0.50, 0.50']
Experiment(s)
['DA-35_fg_uc_bg_1_5ba2b51', 'DA-35_fg_uc_bg_2_5ba2b51', 'DA-35_fg_uc_bg_3_5ba2b51']
Evaluated Epochs[2, 4, 6, 8, 10]
Scanning output/cfgs/kitti_models/pv_rcnn_ssl_60/DA-35_fg_uc_bg_1_5ba2b51/log_train_20230414-134542.txt for evaluated results

mAP(s)[[83.84 71.96 66.9  14.94 13.22 12.62 49.85 29.82 27.71]
 [80.36 67.76 63.36  1.9   2.85  3.21 40.92 24.88 22.98]
 [64.41 52.02 48.95  8.07  8.47  8.   45.12 27.98 26.14]
 [80.8  70.02 66.25 10.06  9.86  9.73 55.99 34.77 32.73]
 [86.65 74.53 70.12 17.26 16.47 16.3  68.83 42.03 39.55]]
Max mAP[86.65 74.53 70.12 17.26 16.47 16.3  68.83 42.03 39.55]
Scanning output/cfgs/kitti_models/pv_rcnn_ssl_60/DA-35_fg_uc_bg_2_5ba2b51/log_train_20230414-134541.txt for evaluated results

mAP(s)[[84.58 71.5  66.66 16.   14.84 14.44 63.9  38.53 36.38]
 [80.7  67.71 63.55  1.16  1.41  1.61 49.02 28.37 26.68]
 [82.95 69.17 64.49  3.84  4.37  4.4  55.15 32.98 29.69]
 [84.03 72.29 68.5  15.26 14.67 14.86 67.47 41.83 39.89]
 [86.35 74.12 69.9  16.05 14.79 14.26 68.96 42.75 40.42]]
Max mAP[86.35 74.12 69.9  16.05 14.84 14.86 68.96 42.75 40.42]
Scanning output/cfgs/kitti_models/pv_rcnn_ssl_60/DA-35_fg_uc_bg_3_5ba2b51/log_train_20230414-134542.txt for evaluated results

mAP(s)[[83.6  71.25 66.7   4.56  5.56  6.05 66.43 39.15 35.25]
 [45.8  43.11 41.29  7.17  8.49  8.98 50.76 31.48 28.28]
 [68.03 55.64 53.41  6.58  6.84  6.5  49.23 29.68 28.16]
 [77.1  66.83 63.28 16.71 15.69 15.14 64.49 41.9  39.33]
 [85.64 74.5  69.89 15.64 14.43 14.28 74.87 46.84 43.39]]
Max mAP[85.64 74.5  69.89 16.71 15.69 15.14 74.87 46.84 43.39]

----------------Final Results----------------

Max mAP(s)
[[86.65 74.53 70.12 17.26 16.47 16.3  68.83 42.03 39.55]
 [86.35 74.12 69.9  16.05 14.84 14.86 68.96 42.75 40.42]
 [85.64 74.5  69.89 16.71 15.69 15.14 74.87 46.84 43.39]]
Mean mAP[86.21 74.38 69.97 16.68 15.66 15.43 70.89 43.87 41.12]