
#--------------------Calculate Mean mAP-----------------------#

Defined Metric
['Car AP_R40@0.70, 0.70, 0.70', 'Pedestrian AP_R40@0.50, 0.50, 0.50', 'Cyclist AP_R40@0.50, 0.50, 0.50']
Experiment(s)
['DA-35-softmatch-clamp_0.9m_trial_1_cf1b38e', 'DA-35-softmatch-clamp_0.9m_trial_2_cf1b38e', 'DA-35-softmatch-clamp_0.9m_trial_3_cf1b38e']
Evaluated Epochs[50, 52, 54, 56, 58, 60]
Scanning output/cfgs/kitti_models/pv_rcnn_ssl_60/DA-35-softmatch-clamp_0.9m_trial_1_cf1b38e/log_train_20230505-095833.txt for evaluated results

mAP(s)[[87.86 75.25 70.74 21.31 18.19 17.93 73.07 47.4  44.93]
 [86.88 74.72 70.14 20.32 18.26 17.45 75.69 49.83 46.12]
 [87.93 75.68 70.9  18.4  15.72 15.4  73.77 46.69 42.91]
 [87.75 75.72 71.   21.06 17.28 16.41 75.32 49.22 45.53]
 [88.14 76.01 71.15 20.8  17.53 16.68 75.5  49.33 46.85]
 [87.88 75.89 71.1  20.22 17.25 16.4  75.82 50.59 47.24]]
Max mAP[88.14 76.01 71.15 21.31 18.26 17.93 75.82 50.59 47.24]
Scanning output/cfgs/kitti_models/pv_rcnn_ssl_60/DA-35-softmatch-clamp_0.9m_trial_2_cf1b38e/log_train_20230505-095833.txt for evaluated results

mAP(s)[[87.62 76.21 71.38 24.78 21.27 20.63 71.88 43.93 41.49]
 [88.68 76.65 71.66 25.47 21.14 20.58 72.13 45.02 42.48]
 [88.5  76.68 71.66 22.66 18.22 17.88 75.22 47.19 43.5 ]
 [88.05 76.48 71.55 28.34 23.33 21.99 75.74 47.41 44.92]
 [88.26 76.65 71.59 27.25 22.18 20.99 76.01 47.79 45.17]
 [88.2  76.64 71.6  27.26 22.14 20.94 76.3  47.93 44.19]]
Max mAP[88.68 76.68 71.66 28.34 23.33 21.99 76.3  47.93 45.17]
Scanning output/cfgs/kitti_models/pv_rcnn_ssl_60/DA-35-softmatch-clamp_0.9m_trial_3_cf1b38e/log_train_20230505-095833.txt for evaluated results

mAP(s)[[86.89 74.95 70.32 18.97 16.4  15.76 74.9  49.65 46.26]
 [86.98 75.31 70.55 21.7  18.54 17.52 77.59 48.9  46.78]
 [88.21 76.2  71.36 23.73 20.13 18.95 77.82 49.13 47.01]
 [88.1  76.18 71.36 24.03 19.91 18.67 76.99 49.88 47.33]
 [87.94 76.28 71.46 23.65 19.92 18.78 78.84 50.13 47.7 ]
 [88.02 76.2  71.43 23.05 19.8  18.49 76.33 49.42 47.08]]
Max mAP[88.21 76.28 71.46 24.03 20.13 18.95 78.84 50.13 47.7 ]

----------------Final Results----------------

Max mAP(s)
[[88.14 76.01 71.15 21.31 18.26 17.93 75.82 50.59 47.24]
 [88.68 76.68 71.66 28.34 23.33 21.99 76.3  47.93 45.17]
 [88.21 76.28 71.46 24.03 20.13 18.95 78.84 50.13 47.7 ]]
Mean mAP[88.34 76.32 71.42 24.56 20.57 19.62 76.99 49.55 46.7 ]