
#--------------------Calculate Mean mAP-----------------------#

Defined Metric
['Car AP_R40@0.70, 0.70, 0.70', 'Pedestrian AP_R40@0.50, 0.50, 0.50', 'Cyclist AP_R40@0.50, 0.50, 0.50']
Experiment(s)
['DA-35_fg_uc_bg_retrial_st_2_e05005e', 'DA-35_fg_uc_bg_retrial_st_3_e05005e']
Evaluated Epochs[50, 52, 54, 56, 58, 60]
Scanning output/cfgs/kitti_models/pv_rcnn_ssl_60/DA-35_fg_uc_bg_retrial_st_2_e05005e/log_train_20230414-192301.txt for evaluated results

mAP(s)[[87.16 75.54 71.13 32.94 28.04 25.73 74.41 46.41 43.94]
 [88.05 75.91 71.41 37.24 31.2  28.47 75.25 47.39 44.94]
 [90.14 76.35 73.29 37.16 31.65 29.14 73.81 45.97 43.36]
 [88.54 76.55 73.52 33.17 28.4  26.17 75.75 46.04 43.56]
 [88.52 76.61 73.56 35.6  29.91 27.34 76.37 48.1  44.1 ]
 [88.4  76.6  73.65 35.24 29.74 27.   76.24 48.25 45.62]]
Max mAP[90.14 76.61 73.65 37.24 31.65 29.14 76.37 48.25 45.62]
Scanning output/cfgs/kitti_models/pv_rcnn_ssl_60/DA-35_fg_uc_bg_retrial_st_3_e05005e/log_train_20230414-192301.txt for evaluated results

mAP(s)[[88.31 76.54 71.86 28.79 24.67 22.78 74.08 46.09 43.59]
 [89.69 76.3  73.46 27.82 23.74 22.47 73.33 46.06 43.47]
 [88.65 76.74 73.82 28.53 24.23 23.11 74.35 46.69 44.18]
 [90.66 78.37 74.04 26.41 22.88 22.13 74.3  46.38 42.57]
 [88.58 76.59 73.83 28.08 24.79 23.56 75.22 47.21 43.27]
 [88.58 76.68 73.78 27.96 24.02 23.24 75.24 47.14 43.14]]
Max mAP[90.66 78.37 74.04 28.79 24.79 23.56 75.24 47.21 44.18]

----------------Final Results----------------

Max mAP(s)
[[90.14 76.61 73.65 37.24 31.65 29.14 76.37 48.25 45.62]
 [90.66 78.37 74.04 28.79 24.79 23.56 75.24 47.21 44.18]]
Mean mAP[90.4  77.49 73.85 33.02 28.22 26.35 75.81 47.73 44.9 ]