
#--------------------Calculate Mean mAP-----------------------#

Defined Metric
['Car AP_R40@0.70, 0.70, 0.70', 'Pedestrian AP_R40@0.50, 0.50, 0.50', 'Cyclist AP_R40@0.50, 0.50, 0.50']
Experiment(s)
['DA-52-cos_classifier_pkl_23d72ca']
Evaluated Epochs[50, 52, 54, 56, 58, 60]
Scanning output/cfgs/kitti_models/pv_rcnn_ssl_60/DA-52-cos_classifier_pkl_23d72ca/log_train_20230619-133428.txt for evaluated results

mAP(s)[[86.62 73.61 68.56 16.48 14.42 14.53 68.24 42.42 39.  ]
 [87.45 75.77 70.87 16.76 14.88 14.82 69.06 42.42 40.05]
 [87.26 75.52 70.72 17.43 15.31 14.62 69.22 42.28 39.84]
 [87.55 75.86 71.02 15.78 13.79 13.7  68.84 41.69 39.37]
 [87.59 75.96 71.04 14.81 12.71 12.67 68.09 41.77 39.35]
 [87.74 76.04 71.12 14.26 12.35 12.41 68.27 41.92 39.64]]
Max mAP[87.74 76.04 71.12 17.43 15.31 14.82 69.22 42.42 40.05]

----------------Final Results----------------

Max mAP(s)
[[87.74 76.04 71.12 17.43 15.31 14.82 69.22 42.42 40.05]]
Mean mAP[87.74 76.04 71.12 17.43 15.31 14.82 69.22 42.42 40.05]