
#--------------------Calculate Mean mAP-----------------------#

Defined Metric
['Car AP_R40@0.70, 0.70, 0.70', 'Pedestrian AP_R40@0.50, 0.50, 0.50', 'Cyclist AP_R40@0.50, 0.50, 0.50']
Experiment(s)
['DA_15_3diouMatch_subsampling_new_thresh_classwise_4652022']
Evaluated Epochs[50, 52, 54, 56, 58, 60]
Scanning output/cfgs/kitti_models/pv_rcnn_ssl_60/DA_15_3diouMatch_subsampling_new_thresh_classwise_4652022/log_train_20230529-211016.txt for evaluated results

mAP(s)[[87.66 75.23 70.56 16.19 12.98 12.48 68.51 43.43 40.71]
 [88.87 76.23 71.33 19.54 14.83 14.27 70.97 43.69 40.95]
 [88.86 76.2  71.26 23.89 18.   17.18 71.02 44.62 40.93]
 [89.19 76.69 71.74 22.56 17.35 16.48 71.84 44.49 41.69]
 [89.03 76.76 71.76 22.38 17.49 16.63 71.83 44.48 40.52]
 [88.93 76.6  71.65 21.92 17.2  16.38 71.67 44.18 41.4 ]]
Max mAP[89.19 76.76 71.76 23.89 18.   17.18 71.84 44.62 41.69]

----------------Final Results----------------

Max mAP(s)
[[89.19 76.76 71.76 23.89 18.   17.18 71.84 44.62 41.69]]
Mean mAP[89.19 76.76 71.76 23.89 18.   17.18 71.84 44.62 41.69]