
#--------------------Calculate Mean mAP-----------------------#

Defined Metric
['Car AP_R40@0.70, 0.70, 0.70', 'Pedestrian AP_R40@0.50, 0.50, 0.50', 'Cyclist AP_R40@0.50, 0.50, 0.50']
Experiment(s)
['DA_15_SoftMatch_subsampling_old_thresh_r64_1_4652022', 'DA_15_SoftMatch_subsampling_old_thresh_r64_2_4652022', 'DA_15_SoftMatch_subsampling_old_thresh_r64_3_4652022']
Evaluated Epochs[50, 52, 54, 56, 58, 60]
Scanning output/cfgs/kitti_models/pv_rcnn_ssl_60/DA_15_SoftMatch_subsampling_old_thresh_r64_1_4652022/log_train_20230530-111112.txt for evaluated results

mAP(s)[[87.46 75.35 70.47 16.15 14.68 14.9  73.3  46.32 43.32]
 [87.67 75.65 70.61 20.59 17.96 17.52 67.22 43.51 39.99]
 [88.17 75.54 70.47 19.78 16.93 16.59 71.27 45.71 41.87]
 [88.26 75.72 70.75 21.51 18.81 18.66 71.59 44.7  41.17]
 [87.81 75.65 70.64 18.78 16.37 16.43 72.64 46.27 42.59]
 [87.91 75.71 70.72 19.28 17.03 16.69 71.65 45.22 41.27]]
Max mAP[88.26 75.72 70.75 21.51 18.81 18.66 73.3  46.32 43.32]
Scanning output/cfgs/kitti_models/pv_rcnn_ssl_60/DA_15_SoftMatch_subsampling_old_thresh_r64_2_4652022/log_train_20230530-111112.txt for evaluated results

mAP(s)[[88.69 76.54 71.52 23.37 21.6  20.59 74.54 47.23 43.89]
 [88.66 76.54 71.51 21.19 18.11 17.38 76.38 47.74 45.07]
 [88.15 76.19 71.23 22.55 19.52 18.68 76.61 48.02 44.44]
 [88.44 76.38 71.41 23.25 20.07 19.23 77.3  48.49 45.8 ]
 [88.68 76.59 71.57 22.71 19.4  18.51 75.84 48.33 44.73]
 [88.62 76.67 71.65 21.83 18.83 18.   75.37 47.77 44.07]]
Max mAP[88.69 76.67 71.65 23.37 21.6  20.59 77.3  48.49 45.8 ]
Scanning output/cfgs/kitti_models/pv_rcnn_ssl_60/DA_15_SoftMatch_subsampling_old_thresh_r64_3_4652022/log_train_20230530-111112.txt for evaluated results

mAP(s)[[87.49 75.93 70.97 21.54 18.16 17.3  72.4  45.46 42.94]
 [90.41 76.51 71.49 20.39 17.94 17.06 72.47 47.76 44.41]
 [88.34 76.26 71.23 23.67 20.22 19.11 73.6  46.94 44.51]
 [89.49 76.28 71.3  23.65 19.89 18.78 73.59 47.09 44.47]
 [88.09 76.32 71.35 23.68 20.56 19.37 73.19 46.75 44.36]
 [87.96 76.32 71.33 23.08 19.8  18.72 73.12 47.99 44.56]]
Max mAP[90.41 76.51 71.49 23.68 20.56 19.37 73.6  47.99 44.56]

----------------Final Results----------------

Max mAP(s)
[[88.26 75.72 70.75 21.51 18.81 18.66 73.3  46.32 43.32]
 [88.69 76.67 71.65 23.37 21.6  20.59 77.3  48.49 45.8 ]
 [90.41 76.51 71.49 23.68 20.56 19.37 73.6  47.99 44.56]]
Mean mAP[89.12 76.3  71.3  22.85 20.32 19.54 74.73 47.6  44.56]