
#--------------------Calculate Mean mAP-----------------------#

Defined Metric
['Car AP_R40@0.70, 0.70, 0.70', 'Pedestrian AP_R40@0.50, 0.50, 0.50', 'Cyclist AP_R40@0.50, 0.50, 0.50']
Experiment(s)
['DA_15_3diouMatch_new_thresh_1_6e0cdc9', 'DA_15_3diouMatch_new_thresh_2_6e0cdc9', 'DA_15_3diouMatch_new_thresh_3_6e0cdc9']
Evaluated Epochs[50, 52, 54, 56, 58, 60]
Scanning output/cfgs/kitti_models/pv_rcnn_ssl_60/DA_15_3diouMatch_new_thresh_1_6e0cdc9/log_train_20230529-112512.txt for evaluated results

mAP(s)[[88.05 75.93 70.93 18.88 16.47 15.83 74.43 47.89 44.42]
 [87.76 75.86 70.83 21.76 18.65 17.75 77.5  48.73 46.  ]
 [88.34 76.24 71.28 23.31 20.08 19.64 75.22 48.2  44.35]
 [88.44 76.47 71.5  22.66 19.65 18.6  76.51 49.09 45.47]
 [88.39 76.79 71.75 21.54 18.93 18.01 76.85 48.42 45.76]
 [89.66 76.59 71.59 21.39 18.56 17.71 77.71 49.45 45.61]]
Max mAP[89.66 76.79 71.75 23.31 20.08 19.64 77.71 49.45 46.  ]
Scanning output/cfgs/kitti_models/pv_rcnn_ssl_60/DA_15_3diouMatch_new_thresh_2_6e0cdc9/log_train_20230529-112512.txt for evaluated results

mAP(s)[[87.99 75.53 70.51 18.18 14.73 14.77 75.2  47.78 44.18]
 [88.1  75.94 70.93 23.31 18.61 18.26 69.87 44.46 42.02]
 [88.   76.12 71.15 23.62 18.51 17.71 72.87 46.36 43.88]
 [88.15 76.46 71.41 23.45 18.4  17.85 71.62 46.22 42.54]
 [88.36 76.67 71.63 23.24 18.57 18.14 72.89 46.93 44.3 ]
 [88.35 76.67 71.61 22.53 18.43 17.87 72.72 46.79 44.27]]
Max mAP[88.36 76.67 71.63 23.62 18.61 18.26 75.2  47.78 44.3 ]
Scanning output/cfgs/kitti_models/pv_rcnn_ssl_60/DA_15_3diouMatch_new_thresh_3_6e0cdc9/log_train_20230529-112512.txt for evaluated results

mAP(s)[[87.8  75.67 70.92 17.39 16.02 15.5  72.83 46.54 44.09]
 [87.73 75.57 70.93 19.34 17.13 16.82 75.84 47.69 45.14]
 [89.85 76.55 73.   20.84 18.56 18.31 73.56 47.63 44.19]
 [90.21 76.73 73.37 17.23 14.65 14.21 72.07 46.57 44.03]
 [88.72 76.75 71.82 18.52 15.95 15.76 72.31 46.56 44.1 ]
 [88.64 76.69 71.79 17.32 14.97 14.47 72.63 46.64 44.03]]
Max mAP[90.21 76.75 73.37 20.84 18.56 18.31 75.84 47.69 45.14]

----------------Final Results----------------

Max mAP(s)
[[89.66 76.79 71.75 23.31 20.08 19.64 77.71 49.45 46.  ]
 [88.36 76.67 71.63 23.62 18.61 18.26 75.2  47.78 44.3 ]
 [90.21 76.75 73.37 20.84 18.56 18.31 75.84 47.69 45.14]]
Mean mAP[89.41 76.74 72.25 22.59 19.08 18.74 76.25 48.31 45.15]