
#--------------------Calculate Mean mAP-----------------------#

Defined Metric
['Car AP_R40@0.70, 0.70, 0.70', 'Pedestrian AP_R40@0.50, 0.50, 0.50', 'Cyclist AP_R40@0.50, 0.50, 0.50']
Experiment(s)
['DA_15_3diouMatch_subsampling_new_thresh_1_3b94615', 'DA_15_3diouMatch_subsampling_new_thresh_2_3b94615', 'DA_15_3diouMatch_subsampling_new_thresh_3_3b94615']
Evaluated Epochs[50, 52, 54, 56, 58, 60]
Scanning output/cfgs/kitti_models/pv_rcnn_ssl_60/DA_15_3diouMatch_subsampling_new_thresh_1_3b94615/log_train_20230529-164959.txt for evaluated results

mAP(s)[[87.7  75.79 70.94 27.05 22.17 21.5  75.09 47.98 44.24]
 [87.44 76.01 71.17 22.97 20.15 19.39 71.96 45.21 42.58]
 [87.58 76.09 71.28 25.19 21.17 20.9  72.56 45.11 42.49]
 [87.87 76.35 71.44 25.11 21.18 20.4  73.05 45.64 43.32]
 [88.01 76.49 71.61 24.6  20.24 20.16 74.02 46.56 44.04]
 [87.96 76.46 71.55 24.75 20.44 20.19 72.67 46.31 43.87]]
Max mAP[88.01 76.49 71.61 27.05 22.17 21.5  75.09 47.98 44.24]
Scanning output/cfgs/kitti_models/pv_rcnn_ssl_60/DA_15_3diouMatch_subsampling_new_thresh_2_3b94615/log_train_20230529-164959.txt for evaluated results

mAP(s)[[87.99 76.05 70.99 18.38 16.24 15.86 72.08 45.62 42.28]
 [88.09 76.08 71.02 24.32 20.9  19.64 74.36 46.63 43.99]
 [87.84 75.98 71.1  20.81 17.91 17.4  72.74 45.5  42.75]
 [88.32 76.2  71.22 22.4  18.24 17.24 73.3  46.06 43.45]
 [88.23 76.16 71.17 21.08 17.92 17.21 72.81 46.78 43.1 ]
 [88.32 76.16 71.14 21.81 18.2  17.55 72.97 46.74 43.13]]
Max mAP[88.32 76.2  71.22 24.32 20.9  19.64 74.36 46.78 43.99]
Scanning output/cfgs/kitti_models/pv_rcnn_ssl_60/DA_15_3diouMatch_subsampling_new_thresh_3_3b94615/log_train_20230529-164959.txt for evaluated results

mAP(s)[[88.39 76.2  71.05 22.69 19.65 18.68 67.15 41.35 37.74]
 [88.23 76.29 71.36 22.45 19.51 18.65 71.   44.01 41.44]
 [88.38 76.41 71.42 21.25 18.36 17.72 71.5  44.34 40.52]
 [88.17 76.22 71.3  24.73 21.73 20.82 72.6  44.56 42.08]
 [88.27 76.38 71.4  23.96 20.59 20.04 71.6  45.28 41.45]
 [88.26 76.49 71.53 23.73 20.69 20.08 71.38 45.16 41.37]]
Max mAP[88.39 76.49 71.53 24.73 21.73 20.82 72.6  45.28 42.08]

----------------Final Results----------------

Max mAP(s)
[[88.01 76.49 71.61 27.05 22.17 21.5  75.09 47.98 44.24]
 [88.32 76.2  71.22 24.32 20.9  19.64 74.36 46.78 43.99]
 [88.39 76.49 71.53 24.73 21.73 20.82 72.6  45.28 42.08]]
Mean mAP[88.24 76.4  71.45 25.37 21.6  20.65 74.02 46.68 43.44]