
#--------------------Calculate Mean mAP-----------------------#

Defined Metric
['Car AP_R40@0.70, 0.70, 0.70', 'Pedestrian AP_R40@0.50, 0.50, 0.50', 'Cyclist AP_R40@0.50, 0.50, 0.50']
Experiment(s)
['DA_15_3diouMatch_subsampling_old_thresh_1_3b94615', 'DA_15_3diouMatch_subsampling_old_thresh_2_3b94615', 'DA_15_3diouMatch_subsampling_old_thresh_3_3b94615']
Evaluated Epochs[50, 52, 54, 56, 58, 60]
Scanning output/cfgs/kitti_models/pv_rcnn_ssl_60/DA_15_3diouMatch_subsampling_old_thresh_1_3b94615/log_train_20230529-145031.txt for evaluated results

mAP(s)[[86.58 75.07 70.15 22.92 18.43 18.39 71.37 45.49 41.75]
 [87.39 75.32 70.32 18.91 14.81 14.75 69.9  45.37 41.87]
 [89.65 76.16 71.12 23.02 20.45 19.8  70.77 44.74 41.31]
 [87.7  75.71 70.68 22.23 18.67 18.22 71.33 45.49 41.97]
 [89.14 75.96 70.94 22.1  18.28 17.89 70.93 45.19 41.54]
 [88.89 75.86 70.81 21.97 18.33 18.02 71.85 46.05 42.15]]
Max mAP[89.65 76.16 71.12 23.02 20.45 19.8  71.85 46.05 42.15]
Scanning output/cfgs/kitti_models/pv_rcnn_ssl_60/DA_15_3diouMatch_subsampling_old_thresh_2_3b94615/log_train_20230529-145031.txt for evaluated results

mAP(s)[[87.48 75.74 70.87 21.91 17.13 16.46 73.95 45.6  42.7 ]
 [88.53 76.21 71.1  26.26 19.83 18.95 71.8  44.14 41.43]
 [89.75 76.59 71.48 22.19 17.43 17.12 72.05 44.36 41.65]
 [88.55 76.61 71.43 23.   18.27 17.5  73.5  45.87 42.37]
 [88.57 76.62 71.48 24.45 19.09 18.46 73.24 46.19 42.69]
 [88.64 76.78 71.62 23.76 18.6  17.99 73.48 46.38 42.64]]
Max mAP[89.75 76.78 71.62 26.26 19.83 18.95 73.95 46.38 42.7 ]
Scanning output/cfgs/kitti_models/pv_rcnn_ssl_60/DA_15_3diouMatch_subsampling_old_thresh_3_3b94615/log_train_20230529-145031.txt for evaluated results

mAP(s)[[86.33 74.58 69.8  20.33 15.82 15.07 70.44 45.68 43.22]
 [86.76 74.74 70.08 13.62 11.61 11.13 73.01 46.19 42.72]
 [86.74 75.23 70.46 17.56 14.04 13.71 74.   46.89 44.34]
 [87.37 75.61 70.71 19.65 15.51 14.82 73.68 46.41 42.85]
 [87.36 75.71 70.8  18.01 14.12 13.52 73.55 47.54 44.16]
 [87.37 75.77 70.85 18.3  14.36 13.72 72.8  47.18 43.79]]
Max mAP[87.37 75.77 70.85 20.33 15.82 15.07 74.   47.54 44.34]

----------------Final Results----------------

Max mAP(s)
[[89.65 76.16 71.12 23.02 20.45 19.8  71.85 46.05 42.15]
 [89.75 76.78 71.62 26.26 19.83 18.95 73.95 46.38 42.7 ]
 [87.37 75.77 70.85 20.33 15.82 15.07 74.   47.54 44.34]]
Mean mAP[88.92 76.24 71.2  23.2  18.7  17.94 73.27 46.65 43.06]