
#--------------------Calculate Mean mAP-----------------------#

Defined Metric
['Car AP_R40@0.70, 0.70, 0.70', 'Pedestrian AP_R40@0.50, 0.50, 0.50', 'Cyclist AP_R40@0.50, 0.50, 0.50']
Experiment(s)
['DA_15_3diouMatch_subsampling_old_thresh_classwise_4652022']
Evaluated Epochs[50, 52, 54, 56, 58, 60]
Scanning output/cfgs/kitti_models/pv_rcnn_ssl_60/DA_15_3diouMatch_subsampling_old_thresh_classwise_4652022/log_train_20230529-210102.txt for evaluated results

mAP(s)[[87.13 75.01 70.08 18.46 16.28 16.   70.96 46.05 43.73]
 [87.28 75.29 70.27 24.41 20.67 19.93 71.81 47.6  45.04]
 [88.19 76.11 71.06 18.64 16.6  16.39 72.51 47.04 44.8 ]
 [88.16 76.17 71.11 20.28 17.9  17.35 72.5  47.66 44.21]
 [88.01 76.14 71.11 21.45 18.9  18.25 73.57 48.55 45.23]
 [88.31 76.26 71.18 19.21 17.32 16.88 73.13 47.62 45.13]]
Max mAP[88.31 76.26 71.18 24.41 20.67 19.93 73.57 48.55 45.23]

----------------Final Results----------------

Max mAP(s)
[[88.31 76.26 71.18 24.41 20.67 19.93 73.57 48.55 45.23]]
Mean mAP[88.31 76.26 71.18 24.41 20.67 19.93 73.57 48.55 45.23]