
#--------------------Calculate Mean mAP-----------------------#

Defined Metric
['Car AP_R40@0.70, 0.70, 0.70', 'Pedestrian AP_R40@0.50, 0.50, 0.50', 'Cyclist AP_R40@0.50, 0.50, 0.50']
Experiment(s)
['DA_15_SoftMatch_thresholdonly_0.95,0.85,0.85_0.0,0.0,0.0_r32_pkl_01_1_trial_2_022c551']
Evaluated Epochs[50, 52, 54, 56, 58, 60]
Scanning output/cfgs/kitti_models/pv_rcnn_ssl_60/DA_15_SoftMatch_thresholdonly_0.95,0.85,0.85_0.0,0.0,0.0_r32_pkl_01_1_trial_2_022c551/log_train_20230602-091445.txt for evaluated results

mAP(s)[[87.98 76.13 71.07 18.35 15.55 15.41 72.62 47.13 44.3 ]
 [86.99 75.51 70.53 23.98 19.47 18.88 74.95 49.74 46.07]
 [87.77 76.2  71.29 21.91 17.57 17.03 73.72 46.91 44.22]
 [87.89 76.29 71.36 19.16 15.82 15.84 75.61 47.56 44.99]
 [88.01 76.46 71.49 20.87 17.01 17.   76.2  49.02 45.18]
 [88.03 76.3  71.42 19.08 16.2  16.18 75.61 48.93 45.05]]
Max mAP[88.03 76.46 71.49 23.98 19.47 18.88 76.2  49.74 46.07]

----------------Final Results----------------

Max mAP(s)
[[88.03 76.46 71.49 23.98 19.47 18.88 76.2  49.74 46.07]]
Mean mAP[88.03 76.46 71.49 23.98 19.47 18.88 76.2  49.74 46.07]