
#--------------------Calculate Mean mAP-----------------------#

Defined Metric
['Car AP_R40@0.70, 0.70, 0.70', 'Pedestrian AP_R40@0.50, 0.50, 0.50', 'Cyclist AP_R40@0.50, 0.50, 0.50']
Experiment(s)
['DA_15_check_subsampling_trial_1_6e0cdc9', 'DA_15_check_subsampling_trial_2_6e0cdc9', 'DA_15_check_subsampling_trial_3_6e0cdc9']
Evaluated Epochs[50, 52, 54, 56, 58, 60]
Scanning output/cfgs/kitti_models/pv_rcnn_ssl_60/DA_15_check_subsampling_trial_1_6e0cdc9/log_train_20230528-184505.txt for evaluated results

mAP(s)[[86.74 75.13 70.4  23.93 21.88 20.77 75.13 47.35 43.75]
 [87.76 75.68 70.76 18.67 16.01 15.95 75.66 48.44 44.79]
 [87.9  75.85 70.98 18.02 16.28 16.12 76.09 47.34 44.63]
 [88.01 76.01 71.04 19.44 17.59 17.41 76.82 49.07 45.23]
 [87.95 76.27 71.29 20.58 18.58 17.72 76.44 49.08 46.43]
 [87.84 76.33 71.37 20.   18.07 17.73 77.24 49.46 45.63]]
Max mAP[88.01 76.33 71.37 23.93 21.88 20.77 77.24 49.46 46.43]
Scanning output/cfgs/kitti_models/pv_rcnn_ssl_60/DA_15_check_subsampling_trial_2_6e0cdc9/log_train_20230528-184505.txt for evaluated results

mAP(s)[[88.42 75.58 70.88 22.21 18.88 18.16 73.1  47.77 44.22]
 [87.65 75.87 70.98 20.72 16.77 16.41 72.35 46.64 43.15]
 [88.26 76.38 71.36 20.   17.08 16.34 71.9  46.07 42.78]
 [87.74 75.95 71.   23.25 18.75 18.36 74.34 47.86 45.29]
 [88.28 76.3  71.34 21.86 18.1  17.36 73.61 46.4  43.81]
 [88.36 76.42 71.39 22.38 18.31 17.51 72.28 45.64 43.08]]
Max mAP[88.42 76.42 71.39 23.25 18.88 18.36 74.34 47.86 45.29]
Scanning output/cfgs/kitti_models/pv_rcnn_ssl_60/DA_15_check_subsampling_trial_3_6e0cdc9/log_train_20230528-184505.txt for evaluated results

mAP(s)[[87.3  75.25 70.51 17.07 15.73 15.43 71.07 45.47 42.85]
 [88.75 76.24 71.01 14.84 12.32 12.57 70.91 46.17 42.57]
 [88.24 76.13 71.06 16.34 14.35 14.45 74.22 47.51 43.61]
 [88.52 76.38 71.39 16.19 14.43 14.23 73.58 46.95 44.21]
 [88.68 76.63 71.53 16.64 14.59 14.66 74.66 47.67 43.72]
 [88.46 76.32 71.37 16.4  14.4  14.66 73.99 47.27 44.44]]
Max mAP[88.75 76.63 71.53 17.07 15.73 15.43 74.66 47.67 44.44]

----------------Final Results----------------

Max mAP(s)
[[88.01 76.33 71.37 23.93 21.88 20.77 77.24 49.46 46.43]
 [88.42 76.42 71.39 23.25 18.88 18.36 74.34 47.86 45.29]
 [88.75 76.63 71.53 17.07 15.73 15.43 74.66 47.67 44.44]]
Mean mAP[88.39 76.46 71.43 21.42 18.83 18.19 75.41 48.33 45.39]