
#--------------------Calculate Mean mAP-----------------------#

Defined Metric
['Car AP_R40@0.70, 0.70, 0.70', 'Pedestrian AP_R40@0.50, 0.50, 0.50', 'Cyclist AP_R40@0.50, 0.50, 0.50']
Experiment(s)
['DA_52_cos_rev_uc_bg_attract_weight{0.50}_repel_weight_{0.50}_trial_1_711f173', 'DA_52_cos_rev_uc_bg_attract_weight{0.50}_repel_weight_{0.50}_trial_2_711f173', 'DA_52_cos_rev_uc_bg_attract_weight{0.50}_repel_weight_{0.50}_trial_3_711f173']
Evaluated Epochs[50, 52, 54, 56, 58, 60]
Scanning output/cfgs/kitti_models/pv_rcnn_ssl_60/DA_52_cos_rev_uc_bg_attract_weight{0.50}_repel_weight_{0.50}_trial_1_711f173/log_train_20230613-175938.txt for evaluated results

mAP(s)[[88.63 76.01 71.45 25.63 21.49 20.13 74.63 46.97 43.26]
 [88.84 76.88 72.19 31.18 26.57 25.13 78.99 48.66 45.89]
 [89.07 77.09 72.34 28.9  23.92 22.28 76.29 48.05 44.07]
 [89.22 77.29 72.52 30.91 25.9  23.94 77.6  47.79 43.9 ]
 [89.15 77.18 72.47 27.22 23.13 21.55 78.11 48.2  44.25]
 [89.11 77.19 72.5  26.97 22.99 21.4  76.54 48.07 44.3 ]]
Max mAP[89.22 77.29 72.52 31.18 26.57 25.13 78.99 48.66 45.89]
Scanning output/cfgs/kitti_models/pv_rcnn_ssl_60/DA_52_cos_rev_uc_bg_attract_weight{0.50}_repel_weight_{0.50}_trial_2_711f173/log_train_20230613-175939.txt for evaluated results

mAP(s)[[88.36 76.51 71.95 26.85 23.23 21.68 74.81 46.94 43.45]
 [88.97 76.7  71.96 30.83 25.72 24.32 76.01 48.83 45.03]
 [89.09 76.89 72.09 31.04 25.06 23.04 74.12 46.03 43.48]
 [88.96 77.07 72.3  31.14 26.52 24.58 76.57 47.85 45.29]
 [89.06 76.76 72.02 30.3  25.98 24.06 75.24 47.03 44.55]
 [88.93 76.83 72.12 30.51 25.76 24.   76.3  49.15 45.33]]
Max mAP[89.09 77.07 72.3  31.14 26.52 24.58 76.57 49.15 45.33]
Scanning output/cfgs/kitti_models/pv_rcnn_ssl_60/DA_52_cos_rev_uc_bg_attract_weight{0.50}_repel_weight_{0.50}_trial_3_711f173/log_train_20230613-175939.txt for evaluated results

mAP(s)[[88.75 76.64 72.23 20.9  19.05 17.96 76.98 49.79 47.39]
 [88.63 76.73 72.31 17.06 16.12 15.73 76.84 49.05 46.43]
 [89.03 76.95 72.4  25.31 21.81 21.29 76.95 50.52 46.72]
 [89.53 77.4  72.76 18.87 17.36 16.47 77.92 49.55 45.62]
 [89.32 77.43 72.71 24.43 21.45 20.18 77.52 49.52 45.52]
 [89.3  77.38 72.7  23.53 20.27 19.65 77.14 49.1  45.09]]
Max mAP[89.53 77.43 72.76 25.31 21.81 21.29 77.92 50.52 47.39]

----------------Final Results----------------

Max mAP(s)
[[89.22 77.29 72.52 31.18 26.57 25.13 78.99 48.66 45.89]
 [89.09 77.07 72.3  31.14 26.52 24.58 76.57 49.15 45.33]
 [89.53 77.43 72.76 25.31 21.81 21.29 77.92 50.52 47.39]]
Mean mAP[89.28 77.26 72.53 29.21 24.97 23.67 77.83 49.44 46.2 ]