
#--------------------Calculate Mean mAP-----------------------#

Defined Metric
['Car AP_R40@0.70, 0.70, 0.70', 'Pedestrian AP_R40@0.50, 0.50, 0.50', 'Cyclist AP_R40@0.50, 0.50, 0.50']
Experiment(s)
['DA_52_cos_rev_uc_bg_attract_weight{0.25}_repel_weight_{0.25}_trial_1_711f173', 'DA_52_cos_rev_uc_bg_attract_weight{0.25}_repel_weight_{0.25}_trial_2_711f173', 'DA_52_cos_rev_uc_bg_attract_weight{0.25}_repel_weight_{0.25}_trial_3_711f173']
Evaluated Epochs[50, 52, 54, 56, 58, 60]
Scanning output/cfgs/kitti_models/pv_rcnn_ssl_60/DA_52_cos_rev_uc_bg_attract_weight{0.25}_repel_weight_{0.25}_trial_1_711f173/log_train_20230612-142126.txt for evaluated results

mAP(s)[[89.23 76.49 72.02 26.36 22.57 21.53 74.73 47.64 45.43]
 [88.57 76.87 72.1  28.14 22.94 20.99 75.88 48.3  45.86]
 [88.71 77.15 72.32 28.81 22.99 21.19 76.21 48.53 44.65]
 [88.9  76.96 72.34 30.   24.4  22.71 76.26 49.76 45.93]
 [88.58 76.9  72.28 29.89 24.53 22.8  75.6  49.49 45.72]
 [88.76 76.98 72.33 29.34 24.23 22.59 76.14 49.57 45.82]]
Max mAP[89.23 77.15 72.34 30.   24.53 22.8  76.26 49.76 45.93]
Scanning output/cfgs/kitti_models/pv_rcnn_ssl_60/DA_52_cos_rev_uc_bg_attract_weight{0.25}_repel_weight_{0.25}_trial_2_711f173/log_train_20230612-142126.txt for evaluated results

mAP(s)[[89.1  76.52 71.67 32.44 27.38 25.11 78.66 50.59 46.61]
 [88.4  76.41 71.82 35.69 29.29 27.07 81.01 52.14 48.  ]
 [89.01 76.85 72.2  33.15 27.34 25.27 79.35 51.6  47.63]
 [88.93 76.6  72.01 33.88 28.17 25.89 81.97 52.62 49.91]
 [88.96 76.74 72.11 34.67 28.36 26.13 81.91 52.49 48.37]
 [88.93 76.93 72.24 34.94 28.74 26.4  81.31 52.21 48.08]]
Max mAP[89.1  76.93 72.24 35.69 29.29 27.07 81.97 52.62 49.91]
Scanning output/cfgs/kitti_models/pv_rcnn_ssl_60/DA_52_cos_rev_uc_bg_attract_weight{0.25}_repel_weight_{0.25}_trial_3_711f173/log_train_20230612-142126.txt for evaluated results

mAP(s)[[88.54 74.85 69.96 37.62 32.5  30.71 74.27 46.19 43.58]
 [88.59 76.62 71.91 31.35 27.5  25.31 77.06 48.29 44.23]
 [89.03 75.2  72.08 31.41 27.38 25.76 75.11 47.04 42.96]
 [88.93 76.93 72.23 32.39 27.41 25.68 74.88 47.92 43.92]
 [88.78 76.92 72.27 29.46 26.29 23.99 77.05 48.58 44.38]
 [88.71 76.89 72.22 29.39 26.04 23.75 76.9  48.31 44.21]]
Max mAP[89.03 76.93 72.27 37.62 32.5  30.71 77.06 48.58 44.38]

----------------Final Results----------------

Max mAP(s)
[[89.23 77.15 72.34 30.   24.53 22.8  76.26 49.76 45.93]
 [89.1  76.93 72.24 35.69 29.29 27.07 81.97 52.62 49.91]
 [89.03 76.93 72.27 37.62 32.5  30.71 77.06 48.58 44.38]]
Mean mAP[89.12 77.   72.28 34.44 28.77 26.86 78.43 50.32 46.74]