
#--------------------Calculate Mean mAP-----------------------#

Defined Metric
['Car AP_R40@0.70, 0.70, 0.70', 'Pedestrian AP_R40@0.50, 0.50, 0.50', 'Cyclist AP_R40@0.50, 0.50, 0.50']
Experiment(s)
['DA_52_cos_rev_uc_bg_attract_weight{0.20}_repel_weight_{0.15}_trial_1_527bd44', 'DA_52_cos_rev_uc_bg_attract_weight{0.20}_repel_weight_{0.15}_trial_2_527bd44', 'DA_52_cos_rev_uc_bg_attract_weight{0.20}_repel_weight_{0.15}_trial_3_527bd44']
Evaluated Epochs[50, 52, 54, 56, 58, 60]
Scanning output/cfgs/kitti_models/pv_rcnn_ssl_60/DA_52_cos_rev_uc_bg_attract_weight{0.20}_repel_weight_{0.15}_trial_1_527bd44/log_train_20230620-083329.txt for evaluated results

mAP(s)[[88.74 76.68 71.81 26.37 22.25 21.16 74.01 46.24 43.68]
 [91.48 77.6  72.49 26.86 24.5  23.46 76.01 47.56 43.67]
 [89.45 75.4  72.01 24.23 22.06 20.45 74.74 46.12 43.32]
 [89.35 77.17 72.29 25.99 22.87 21.03 76.55 46.34 43.85]
 [88.96 77.29 72.32 24.85 21.7  20.66 76.52 46.24 43.69]
 [89.18 77.47 72.51 25.49 22.54 20.96 76.01 46.   43.33]]
Max mAP[91.48 77.6  72.51 26.86 24.5  23.46 76.55 47.56 43.85]
Scanning output/cfgs/kitti_models/pv_rcnn_ssl_60/DA_52_cos_rev_uc_bg_attract_weight{0.20}_repel_weight_{0.15}_trial_2_527bd44/log_train_20230620-083330.txt for evaluated results

mAP(s)[[89.08 74.43 71.33 23.4  20.39 19.75 76.   47.6  45.29]
 [88.08 76.22 71.8  26.02 23.08 21.28 78.31 49.64 47.06]
 [89.4  77.33 72.59 24.73 22.19 21.09 75.96 48.09 45.7 ]
 [91.11 77.21 72.46 27.51 24.34 23.01 77.65 49.31 46.79]
 [89.44 77.42 72.63 27.54 24.34 23.   77.74 49.4  46.91]
 [89.48 77.34 72.54 27.59 24.14 22.87 77.96 49.4  47.02]]
Max mAP[91.11 77.42 72.63 27.59 24.34 23.01 78.31 49.64 47.06]
Scanning output/cfgs/kitti_models/pv_rcnn_ssl_60/DA_52_cos_rev_uc_bg_attract_weight{0.20}_repel_weight_{0.15}_trial_3_527bd44/log_train_20230620-083330.txt for evaluated results

mAP(s)[[89.12 76.82 72.1  33.3  27.76 25.07 78.21 49.62 45.54]
 [88.75 76.89 72.16 27.86 23.65 22.16 74.25 46.87 44.35]
 [89.23 77.38 72.61 32.72 29.01 26.57 74.67 45.37 43.  ]
 [89.38 77.49 72.73 29.27 25.82 24.26 75.3  47.35 44.67]
 [89.36 77.46 72.7  29.92 27.07 24.82 75.01 46.93 43.08]
 [89.23 77.45 72.68 30.79 27.06 24.92 75.16 47.14 43.29]]
Max mAP[89.38 77.49 72.73 33.3  29.01 26.57 78.21 49.62 45.54]

----------------Final Results----------------

Max mAP(s)
[[91.48 77.6  72.51 26.86 24.5  23.46 76.55 47.56 43.85]
 [91.11 77.42 72.63 27.59 24.34 23.01 78.31 49.64 47.06]
 [89.38 77.49 72.73 33.3  29.01 26.57 78.21 49.62 45.54]]
Mean mAP[90.66 77.5  72.62 29.25 25.95 24.35 77.69 48.94 45.48]