
#--------------------Calculate Mean mAP-----------------------#

Defined Metric
['Car AP_R40@0.70, 0.70, 0.70', 'Pedestrian AP_R40@0.50, 0.50, 0.50', 'Cyclist AP_R40@0.50, 0.50, 0.50']
Experiment(s)
['DA_52_cos_rev_uc_bg_attract_weight{0.50}_repel_weight_{0.25}_trial_1_711f173', 'DA_52_cos_rev_uc_bg_attract_weight{0.50}_repel_weight_{0.25}_trial_2_711f173', 'DA_52_cos_rev_uc_bg_attract_weight{0.50}_repel_weight_{0.25}_trial_3_711f173']
Evaluated Epochs[50, 52, 54, 56, 58, 60]
Scanning output/cfgs/kitti_models/pv_rcnn_ssl_60/DA_52_cos_rev_uc_bg_attract_weight{0.50}_repel_weight_{0.25}_trial_1_711f173/log_train_20230612-142125.txt for evaluated results

mAP(s)[[89.64 76.75 72.17 28.01 23.57 21.69 74.58 45.29 43.06]
 [89.24 77.03 72.24 27.7  22.97 20.94 73.46 46.21 43.86]
 [91.22 77.29 72.51 24.29 21.3  19.79 72.57 45.18 42.83]
 [89.14 77.12 72.36 26.77 23.39 21.52 74.31 45.23 42.85]
 [89.04 77.34 72.61 27.23 23.81 21.86 75.59 47.37 43.66]
 [89.06 77.22 72.52 26.66 22.67 21.47 75.66 47.44 43.62]]
Max mAP[91.22 77.34 72.61 28.01 23.81 21.86 75.66 47.44 43.86]
Scanning output/cfgs/kitti_models/pv_rcnn_ssl_60/DA_52_cos_rev_uc_bg_attract_weight{0.50}_repel_weight_{0.25}_trial_2_711f173/log_train_20230612-142125.txt for evaluated results

mAP(s)[[87.91 74.5  71.44 28.61 24.41 23.35 75.34 45.83 43.36]
 [88.37 74.7  70.06 33.02 28.57 26.78 77.21 47.36 44.69]
 [89.06 77.08 72.48 30.29 26.46 24.62 76.34 47.93 44.15]
 [88.9  76.69 72.18 33.2  29.08 27.15 76.82 48.45 45.87]
 [89.2  77.17 72.47 31.8  27.97 25.36 76.8  48.48 46.03]
 [89.25 77.18 72.52 31.28 27.27 25.47 76.93 48.4  44.54]]
Max mAP[89.25 77.18 72.52 33.2  29.08 27.15 77.21 48.48 46.03]
Scanning output/cfgs/kitti_models/pv_rcnn_ssl_60/DA_52_cos_rev_uc_bg_attract_weight{0.50}_repel_weight_{0.25}_trial_3_711f173/log_train_20230612-142125.txt for evaluated results

mAP(s)[[89.48 75.21 70.22 29.61 25.52 24.19 73.37 45.38 41.55]
 [89.79 77.67 72.78 29.63 26.93 24.99 78.41 47.87 45.11]
 [90.04 77.59 72.67 32.39 28.4  27.22 77.09 46.44 43.89]
 [89.87 77.65 72.72 33.74 28.84 26.88 78.01 47.63 43.48]
 [89.8  77.71 72.79 32.36 27.39 25.54 76.87 47.62 43.69]
 [89.84 77.74 72.79 31.9  28.43 26.32 76.84 46.23 43.66]]
Max mAP[90.04 77.74 72.79 33.74 28.84 27.22 78.41 47.87 45.11]

----------------Final Results----------------

Max mAP(s)
[[91.22 77.34 72.61 28.01 23.81 21.86 75.66 47.44 43.86]
 [89.25 77.18 72.52 33.2  29.08 27.15 77.21 48.48 46.03]
 [90.04 77.74 72.79 33.74 28.84 27.22 78.41 47.87 45.11]]
Mean mAP[90.17 77.42 72.64 31.65 27.24 25.41 77.1  47.93 45.  ]