
#--------------------Calculate Mean mAP-----------------------#

Defined Metric
['Car AP_R40@0.70, 0.70, 0.70', 'Pedestrian AP_R40@0.50, 0.50, 0.50', 'Cyclist AP_R40@0.50, 0.50, 0.50']
Experiment(s)
['evaluate_values_for_dyanamic_cos_cls_91da369']
Evaluated Epochs[50, 52, 54, 56, 58, 60]
Scanning output/cfgs/kitti_models/pv_rcnn_ssl_60/evaluate_values_for_dyanamic_cos_cls_91da369/log_train_20230417-115657.txt for evaluated results

mAP(s)[[87.8  75.24 70.93 29.35 27.37 25.98 73.27 44.23 41.9 ]
 [87.99 76.1  71.63 27.54 26.19 24.6  72.6  45.28 42.9 ]
 [88.48 76.38 73.4  28.56 27.06 25.18 74.62 47.18 44.84]
 [88.64 78.03 73.71 32.4  29.1  27.71 75.53 47.67 44.06]
 [88.59 76.58 73.61 30.73 28.02 26.06 75.34 47.59 43.91]
 [88.54 76.52 73.57 29.46 27.   25.36 75.33 47.58 43.85]]
Max mAP[88.64 78.03 73.71 32.4  29.1  27.71 75.53 47.67 44.84]

----------------Final Results----------------

Max mAP(s)
[[88.64 78.03 73.71 32.4  29.1  27.71 75.53 47.67 44.84]]
Mean mAP[88.64 78.03 73.71 32.4  29.1  27.71 75.53 47.67 44.84]