
#--------------------Calculate Mean mAP-----------------------#

Defined Metric
['Car AP_R40@0.70, 0.70, 0.70', 'Pedestrian AP_R40@0.50, 0.50, 0.50', 'Cyclist AP_R40@0.50, 0.50, 0.50']
Experiment(s)
['org_3diou_bs8_split_1_1_trial_1_caf2bba', 'org_3diou_bs8_split_1_1_trial_2_caf2bba', 'org_3diou_bs8_split_1_1_trial_3_caf2bba']
Evaluated Epochs[50, 52, 54, 56, 58, 60]
Scanning output/cfgs/kitti_models/pv_rcnn_ssl_60/org_3diou_bs8_split_1_1_trial_1_caf2bba/log_train_20230322-100229.txt for evaluated results

mAP(s)[[87.95 75.69 70.92 15.89 13.14 12.64 76.89 47.46 43.93]
 [88.45 76.2  72.75 18.68 15.09 14.71 74.57 47.05 44.65]
 [88.22 76.17 72.8  18.52 14.42 14.41 74.33 47.21 43.67]
 [90.29 78.05 73.34 21.33 17.63 17.44 75.28 48.96 46.2 ]
 [88.6  76.4  72.82 20.23 16.62 15.99 77.05 48.91 46.25]
 [88.48 77.87 73.1  19.88 16.05 15.47 75.27 48.98 46.32]]
Max mAP[90.29 78.05 73.34 21.33 17.63 17.44 77.05 48.98 46.32]
Scanning output/cfgs/kitti_models/pv_rcnn_ssl_60/org_3diou_bs8_split_1_1_trial_2_caf2bba/log_train_20230322-100228.txt for evaluated results

mAP(s)[[87.41 75.74 72.5  17.91 16.39 16.41 71.35 44.23 41.83]
 [87.06 75.51 70.89 20.35 18.14 18.01 73.19 45.54 42.97]
 [88.18 76.2  73.12 16.83 16.69 16.62 72.2  44.33 41.96]
 [88.39 76.34 73.13 20.09 18.36 18.51 72.32 45.94 42.42]
 [88.48 76.52 73.37 20.49 18.43 18.1  71.76 45.61 42.07]
 [88.4  76.47 73.38 20.8  18.74 18.36 73.54 45.98 43.48]]
Max mAP[88.48 76.52 73.38 20.8  18.74 18.51 73.54 45.98 43.48]
Scanning output/cfgs/kitti_models/pv_rcnn_ssl_60/org_3diou_bs8_split_1_1_trial_3_caf2bba/log_train_20230322-100159.txt for evaluated results

mAP(s)[[88.08 76.31 73.02 19.16 16.17 15.45 72.72 42.84 39.14]
 [89.05 77.2  72.66 22.84 19.74 18.74 72.56 44.54 40.52]
 [88.52 76.73 73.3  21.16 18.91 17.97 75.26 46.24 42.61]
 [88.88 78.47 73.67 24.33 21.23 19.94 75.85 46.91 42.9 ]
 [88.78 78.24 73.5  23.78 20.83 19.63 75.95 46.85 42.99]
 [88.79 78.32 73.59 23.99 20.97 19.81 76.4  45.77 43.14]]
Max mAP[89.05 78.47 73.67 24.33 21.23 19.94 76.4  46.91 43.14]

----------------Final Results----------------

Max mAP(s)
[[90.29 78.05 73.34 21.33 17.63 17.44 77.05 48.98 46.32]
 [88.48 76.52 73.38 20.8  18.74 18.51 73.54 45.98 43.48]
 [89.05 78.47 73.67 24.33 21.23 19.94 76.4  46.91 43.14]]
Mean mAP[89.27 77.68 73.46 22.15 19.2  18.63 75.66 47.29 44.31]