
#--------------------Calculate Mean mAP-----------------------#

Defined Metric
['Car AP_R40@0.70, 0.70, 0.70', 'Pedestrian AP_R40@0.50, 0.50, 0.50', 'Cyclist AP_R40@0.50, 0.50, 0.50']
Experiment(s)
['U_log_p_fixed2_f7c8075', 'U_log_p_fixed1_f7c8075', 'U_log_p_fixed3_f7c8075']
Evaluated Epochs[50, 52, 54, 56, 58, 60]
Scanning output/cfgs/kitti_models/pv_rcnn_ssl_60/U_log_p_fixed2_f7c8075/log_train_20230329-142410.txt for evaluated results

mAP(s)[[87.97 75.96 70.97 16.11 14.87 14.9  72.38 46.4  42.86]
 [87.53 75.58 70.76 18.67 16.64 16.45 75.72 47.87 44.06]
 [88.35 76.15 71.21 19.95 17.81 17.43 73.78 46.31 42.69]
 [88.43 76.36 71.44 22.53 19.01 18.78 73.29 47.02 43.56]
 [88.01 76.4  71.4  21.86 18.6  18.41 73.01 47.23 43.71]
 [87.82 76.33 71.34 21.59 18.26 18.18 72.35 45.94 43.5 ]]
Max mAP[88.43 76.4  71.44 22.53 19.01 18.78 75.72 47.87 44.06]
Scanning output/cfgs/kitti_models/pv_rcnn_ssl_60/U_log_p_fixed1_f7c8075/log_train_20230329-142411.txt for evaluated results

mAP(s)[[87.01 75.4  70.52 21.88 19.28 18.68 73.42 46.52 42.61]
 [85.81 74.77 70.22 25.87 22.67 21.46 71.64 44.36 42.01]
 [86.81 75.16 70.45 27.1  23.74 22.5  72.35 45.55 41.89]
 [87.63 75.77 70.96 23.99 21.41 20.69 73.17 45.6  43.04]
 [87.85 76.03 71.07 24.82 21.71 20.61 73.27 45.85 43.14]
 [87.81 76.05 71.09 24.79 21.85 20.69 73.56 47.16 43.41]]
Max mAP[87.85 76.05 71.09 27.1  23.74 22.5  73.56 47.16 43.41]
Scanning output/cfgs/kitti_models/pv_rcnn_ssl_60/U_log_p_fixed3_f7c8075/log_train_20230329-142411.txt for evaluated results

mAP(s)[[87.64 74.87 70.21 16.08 15.02 14.95 70.04 44.19 41.51]
 [88.46 75.39 72.03 16.1  15.4  15.23 73.48 45.4  42.74]
 [89.37 76.2  72.89 18.51 16.53 15.68 70.37 44.62 41.22]
 [87.9  76.11 72.79 18.52 16.38 15.65 74.01 46.03 43.22]
 [89.28 76.2  72.75 19.32 17.12 16.32 72.16 45.61 42.02]
 [89.22 76.2  72.81 19.74 17.5  16.71 72.55 45.55 42.17]]
Max mAP[89.37 76.2  72.89 19.74 17.5  16.71 74.01 46.03 43.22]

----------------Final Results----------------

Max mAP(s)
[[88.43 76.4  71.44 22.53 19.01 18.78 75.72 47.87 44.06]
 [87.85 76.05 71.09 27.1  23.74 22.5  73.56 47.16 43.41]
 [89.37 76.2  72.89 19.74 17.5  16.71 74.01 46.03 43.22]]
Mean mAP[88.55 76.22 71.81 23.12 20.08 19.33 74.43 47.02 43.56]